trading_date,open_price,high_price,low_price,close_price
2013-03-01,16.1,16.82,15.14,15.36
2013-03-04,16.16,16.16,14.01,14.01
2013-03-05,13.44,13.66,13.24,13.48
2013-03-06,13.18,13.77,13.17,13.53
2013-03-07,13.45,13.56,13.03,13.06
2013-03-08,12.67,13.3,12.49,12.59
2013-03-11,12.31,12.34,11.5,11.56
2013-03-12,11.79,12.93,11.74,12.27
2013-03-13,12.18,12.55,11.79,11.83
2013-03-14,11.7,11.75,11.05,11.3
2013-03-15,11.52,11.99,11.21,11.3
2013-03-18,13.47,13.64,12.57,13.36
2013-03-19,13.03,15.4,12.92,14.39
2013-03-20,13.18,13.18,12.3,12.67
2013-03-21,13.07,14.21,12.62,13.99
2013-03-22,13.34,13.85,13.19,13.57
2013-03-25,12.85,14.61,12.39,13.74
2013-03-26,12.95,13.21,12.69,12.77
2013-03-27,13.72,13.97,12.97,13.15
2013-03-28,12.91,13.07,12.54,12.7
2013-04-01,13.46,14.05,13.26,13.58
2013-04-02,13.11,13.18,12.76,12.78
2013-04-03,12.65,14.66,12.62,14.21
2013-04-04,14.1,14.79,13.89,13.89
2013-04-05,15.64,15.65,13.86,13.92
2013-04-08,14.04,14.5,13.19,13.19
2013-04-09,13.11,13.68,12.75,12.84
2013-04-10,12.66,12.88,12.32,12.36
2013-04-11,12.55,12.62,12.15,12.24
2013-04-12,12.61,13.12,11.99,12.06
2013-04-15,13.12,17.27,12.66,17.27
2013-04-16,14.72,14.87,13.91,13.96
2013-04-17,15.35,17.9,14.98,16.51
2013-04-18,16.34,18.2,16.32,17.56
2013-04-19,16.67,16.98,14.87,14.97
2013-04-22,15.08,16.0,14.04,14.39
2013-04-23,13.81,14.87,13.46,13.48
2013-04-24,13.57,13.75,13.36,13.61
2013-04-25,13.61,13.87,13.13,13.62
2013-04-26,13.94,14.18,13.49,13.61
2013-04-29,13.72,13.94,13.36,13.71
2013-04-30,13.71,14.28,13.51,13.52
2013-05-01,13.88,14.67,13.87,14.49
2013-05-02,14.48,14.48,13.58,13.59
2013-05-03,12.92,13.15,12.77,12.85
2013-05-06,13.06,13.19,12.66,12.66
2013-05-07,12.63,12.96,12.49,12.83
2013-05-08,12.87,13.04,12.62,12.66
2013-05-09,12.91,13.53,12.78,13.13
2013-05-10,13.08,13.45,12.54,12.59
2013-05-13,12.57,12.87,12.49,12.55
2013-05-14,12.61,13.21,12.54,12.77
2013-05-15,12.98,13.43,12.78,12.81
2013-05-16,13.07,13.46,12.79,13.07
2013-05-17,12.73,12.94,12.26,12.45
2013-05-20,13.28,13.28,12.84,13.02
2013-05-21,13.08,13.44,12.89,13.37
2013-05-22,13.45,14.45,13.05,13.82
2013-05-23,14.94,15.11,13.87,14.07
2013-05-24,14.59,14.79,13.99,13.99
2013-05-28,13.67,14.56,13.56,14.48
2013-05-29,15.3,15.65,14.59,14.83
2013-05-30,14.9,14.98,14.27,14.53
2013-05-31,15.02,16.35,14.36,16.3
2013-06-03,16.4,17.58,16.15,16.28
2013-06-04,16.16,17.25,15.82,16.27
2013-06-05,16.86,17.84,16.57,17.5
2013-06-06,17.7,18.51,16.6,16.63
2013-06-07,15.9,16.21,14.96,15.14
2013-06-10,15.16,15.6,15.1,15.44
2013-06-11,16.91,17.14,16.0,17.07
2013-06-12,16.51,18.6,16.43,18.59
2013-06-13,18.38,18.58,16.37,16.41
2013-06-14,16.63,17.26,16.03,17.15
2013-06-17,16.53,17.62,16.33,16.8
2013-06-18,16.81,16.95,16.46,16.61
2013-06-19,16.89,17.18,15.36,16.64
2013-06-20,18.4,21.32,18.01,20.49
2013-06-21,18.97,20.93,18.25,18.9
2013-06-24,20.87,21.91,18.58,20.11
2013-06-25,18.65,19.22,17.82,18.47
2013-06-26,17.23,18.06,17.08,17.21
2013-06-27,16.6,16.97,16.34,16.86
2013-06-28,17.25,17.69,16.19,16.86
2013-07-01,16.9,16.9,16.0,16.37
2013-07-02,16.49,16.93,15.88,16.44
2013-07-03,17.22,17.32,16.2,16.2
2013-07-05,15.59,16.28,14.89,14.89
2013-07-08,14.66,15.27,14.66,14.78
2013-07-09,14.33,14.65,14.26,14.35
2013-07-10,14.46,14.62,14.06,14.21
2013-07-11,13.57,14.2,13.57,14.01
2013-07-12,13.9,14.04,13.74,13.84
2013-07-15,13.98,14.11,13.5,13.79
2013-07-16,13.78,14.56,13.78,14.42
2013-07-17,14.2,14.44,13.76,13.78
2013-07-18,13.63,13.8,13.2,13.77
2013-07-19,13.89,13.97,12.54,12.54
2013-07-22,13.23,13.37,12.29,12.29
2013-07-23,12.15,13.06,12.07,12.66
2013-07-24,12.69,13.49,12.69,13.18
2013-07-25,13.47,13.54,12.91,12.97
2013-07-26,13.41,13.73,12.71,12.72
2013-07-29,13.54,13.86,13.38,13.39
2013-07-30,13.45,14.14,13.35,13.39
2013-07-31,13.55,13.83,12.94,13.45
2013-08-01,12.89,13.25,12.82,12.94
2013-08-02,12.66,12.74,11.98,11.98
2013-08-05,12.29,12.42,11.83,11.84
2013-08-06,12.19,12.93,12.06,12.72
2013-08-07,13.17,13.91,12.96,12.98
2013-08-08,12.5,13.13,12.37,12.73
2013-08-09,12.88,13.66,12.71,13.41
2013-08-12,13.52,13.57,12.8,12.81
2013-08-13,12.86,13.37,12.29,12.31
2013-08-14,12.48,13.09,12.35,13.04
2013-08-15,14.14,14.85,13.91,14.73
2013-08-16,14.56,14.88,13.62,14.37
2013-08-19,14.94,15.2,14.35,15.1
2013-08-20,15.22,15.25,14.29,14.91
2013-08-21,16.0,16.56,14.67,15.94
2013-08-22,15.26,15.26,14.66,14.76
2013-08-23,14.29,14.82,13.98,13.98
2013-08-26,14.37,15.01,13.9,14.99
2013-08-27,16.56,17.13,15.82,16.77
2013-08-28,16.96,17.11,16.1,16.49
2013-08-29,16.79,16.98,15.99,16.81
2013-08-30,16.75,17.81,16.7,17.01
2013-09-03,16.47,17.37,16.11,16.61
2013-09-04,16.88,17.01,15.77,15.88
2013-09-05,16.12,16.12,15.63,15.77
2013-09-06,15.35,16.81,15.17,15.85
2013-09-09,15.86,16.02,15.22,15.63
2013-09-10,14.89,15.09,14.5,14.53
2013-09-11,14.74,14.74,13.82,13.82
2013-09-12,13.93,14.39,13.73,14.29
2013-09-13,14.27,14.55,14.11,14.16
2013-09-16,14.1,14.49,13.87,14.38
2013-09-17,14.44,14.61,14.28,14.53
2013-09-18,14.68,14.68,13.23,13.59
2013-09-19,13.02,13.39,13.02,13.16
2013-09-20,13.3,13.47,12.52,13.12
2013-09-23,14.04,14.71,14.02,14.31
2013-09-24,14.17,14.37,13.75,14.08
2013-09-25,14.24,14.62,13.89,14.01
2013-09-26,13.8,14.4,13.58,14.06
2013-09-27,14.62,15.79,14.62,15.46
2013-09-30,17.49,17.49,16.16,16.6
2013-10-01,16.31,16.46,15.47,15.54
2013-10-02,16.4,16.81,16.13,16.6
2013-10-03,16.63,18.71,16.63,17.67
2013-10-04,17.72,17.87,16.66,16.74
2013-10-07,18.76,19.41,18.08,19.41
2013-10-08,19.01,21.01,18.98,20.34
2013-10-09,20.19,21.34,19.04,19.6
2013-10-10,17.66,17.92,16.29,16.48
2013-10-11,16.31,16.38,15.46,15.72
2013-10-14,17.08,17.74,15.8,16.07
2013-10-15,16.41,18.67,16.16,18.66
2013-10-16,17.14,17.15,14.67,14.71
2013-10-17,14.52,14.59,12.89,13.48
2013-10-18,12.86,13.53,12.34,13.04
2013-10-21,13.34,13.63,13.07,13.16
2013-10-22,12.99,13.92,12.93,13.33
2013-10-23,13.71,14.21,13.42,13.42
2013-10-24,13.5,13.62,13.15,13.2
2013-10-25,13.16,13.44,13.08,13.09
2013-10-28,13.62,13.72,13.22,13.31
2013-10-29,13.25,13.63,13.06,13.41
2013-10-30,13.72,14.45,13.64,13.65
2013-10-31,13.83,14.02,13.28,13.75
2013-11-01,13.46,13.92,13.22,13.28
2013-11-04,13.35,13.67,12.91,12.93
2013-11-05,13.22,13.64,12.86,13.27
2013-11-06,13.01,13.33,12.67,12.67
2013-11-07,12.99,14.14,12.93,13.91
2013-11-08,13.76,13.8,12.84,12.9
2013-11-11,12.85,12.93,12.4,12.53
2013-11-12,12.8,13.06,12.63,12.82
2013-11-13,13.35,13.35,12.46,12.52
2013-11-14,12.8,12.94,12.28,12.37
2013-11-15,12.12,12.45,11.99,12.19
2013-11-18,12.41,13.22,12.41,13.1
2013-11-19,13.03,13.68,12.88,13.39
2013-11-20,13.56,13.94,12.97,13.4
2013-11-21,13.09,13.09,12.44,12.66
2013-11-22,12.69,12.91,12.24,12.26
2013-11-25,12.55,12.92,12.49,12.79
2013-11-26,12.84,12.99,12.49,12.81
2013-11-27,12.81,12.98,12.44,12.98
2013-11-29,13.06,13.78,12.93,13.7
2013-12-02,13.91,14.31,13.78,14.23
2013-12-03,14.74,15.04,14.43,14.55
2013-12-04,15.03,15.71,14.22,14.7
2013-12-05,14.82,15.38,14.7,15.08
2013-12-06,13.97,14.09,13.62,13.79
2013-12-09,13.97,14.07,13.49,13.49
2013-12-10,14.14,14.22,13.69,13.91
2013-12-11,13.98,15.43,13.98,15.42
2013-12-12,15.44,16.09,15.21,15.54
2013-12-13,15.17,15.8,15.06,15.76
2013-12-16,15.64,16.08,15.3,16.03
2013-12-17,16.04,16.67,15.81,16.21
2013-12-18,15.95,16.75,13.74,13.8
2013-12-19,13.59,14.21,12.89,14.15
2013-12-20,13.61,13.87,13.12,13.79
2013-12-23,13.37,13.53,13.02,13.04
2013-12-24,12.85,12.89,12.48,12.48
2013-12-26,12.48,12.5,11.69,12.33
2013-12-27,12.21,12.59,12.2,12.46
2013-12-30,12.87,13.58,12.83,13.56
2013-12-31,13.43,14.35,13.38,13.72
2014-01-02,14.32,14.59,14.0,14.23
2014-01-03,14.06,14.22,13.57,13.76
2014-01-06,13.41,14.0,13.22,13.55
2014-01-07,12.38,13.28,12.16,12.92
2014-01-08,13.04,13.24,12.86,12.87
2014-01-09,12.83,13.26,12.83,12.89
2014-01-10,12.6,12.9,12.14,12.14
2014-01-13,12.18,13.65,11.82,13.28
2014-01-14,12.89,12.9,11.96,12.28
2014-01-15,12.15,12.4,11.81,12.28
2014-01-16,12.32,12.66,12.28,12.53
2014-01-17,12.34,12.93,12.04,12.44
2014-01-21,12.63,13.42,12.61,12.87
2014-01-22,12.57,13.12,12.55,12.84
2014-01-23,13.67,14.66,13.67,13.77
2014-01-24,14.95,18.14,14.92,18.14
2014-01-27,17.29,18.99,16.85,17.42
2014-01-28,17.27,17.28,15.8,15.8
2014-01-29,17.95,18.04,16.71,17.35
2014-01-30,16.37,17.39,15.96,17.29
2014-01-31,18.71,18.99,17.27,18.41
2014-02-03,18.57,21.48,18.34,21.44
2014-02-04,19.99,20.07,18.44,19.11
2014-02-05,19.59,20.72,19.13,19.95
2014-02-06,19.09,19.09,17.09,17.23
2014-02-07,16.15,16.31,15.09,15.29
2014-02-10,15.63,15.76,15.1,15.26
2014-02-11,15.29,15.29,14.08,14.51
2014-02-12,14.31,14.64,14.02,14.3
2014-02-13,15.24,15.24,13.98,14.14
2014-02-14,14.21,14.22,13.44,13.57
2014-02-18,13.95,14.51,13.77,13.87
2014-02-19,14.85,15.73,14.12,15.5
2014-02-20,15.28,15.8,14.59,14.79
2014-02-21,14.74,14.79,14.19,14.68
2014-02-24,14.83,14.83,13.97,14.23
2014-02-25,14.17,14.83,13.66,13.67
2014-02-26,13.83,14.54,13.73,14.35
2014-02-27,14.56,14.69,13.92,14.04
2014-02-28,14.22,14.79,13.49,14.0
2014-03-03,16.47,16.78,15.38,16.0
2014-03-04,14.53,14.54,14.0,14.1
2014-03-05,14.13,14.32,13.81,13.89
2014-03-06,13.82,14.42,13.73,14.21
2014-03-07,13.51,14.43,13.51,14.11
2014-03-10,14.76,15.28,14.2,14.2
2014-03-11,14.22,14.93,13.84,14.8
2014-03-12,15.37,15.64,14.43,14.47
2014-03-13,14.28,16.66,14.24,16.22
2014-03-14,16.74,18.22,16.09,17.82
2014-03-17,16.39,16.4,15.37,15.64
2014-03-18,15.42,15.47,14.16,14.52
2014-03-19,14.56,15.95,13.89,15.12
2014-03-20,15.58,15.62,14.5,14.52
2014-03-21,13.96,15.17,13.77,15.0
2014-03-24,14.7,16.07,14.56,15.09
2014-03-25,14.16,15.05,13.96,14.02
2014-03-26,13.64,15.28,13.46,14.93
2014-03-27,15.0,15.63,14.49,14.62
2014-03-28,14.15,14.86,13.73,14.41
2014-03-31,13.88,14.16,13.57,13.88
2014-04-01,13.43,13.56,13.06,13.1
2014-04-02,13.17,13.35,12.92,13.09
2014-04-03,13.02,13.7,13.02,13.37
2014-04-04,12.88,14.55,12.6,13.96
2014-04-07,14.96,16.01,14.57,15.57
2014-04-08,15.59,16.2,14.81,14.89
2014-04-09,14.58,14.94,13.7,13.82
2014-04-10,13.98,16.38,13.81,15.89
2014-04-11,16.66,17.85,15.89,17.03
2014-04-14,16.14,17.4,16.1,16.11
2014-04-15,16.14,17.5,15.47,15.61
2014-04-16,14.89,15.27,14.05,14.18
2014-04-17,14.09,14.17,13.07,13.36
2014-04-21,14.1,14.11,13.17,13.25
2014-04-22,13.13,13.26,12.9,13.19
2014-04-23,13.35,13.75,13.27,13.27
2014-04-24,13.36,14.08,13.09,13.32
2014-04-25,13.93,14.67,13.91,14.06
2014-04-28,14.27,15.28,13.82,13.97
2014-04-29,13.88,14.24,13.61,13.71
2014-04-30,14.05,14.18,13.34,13.41
2014-05-01,13.64,13.75,13.1,13.25
2014-05-02,13.15,13.5,12.83,12.91
2014-05-05,13.95,14.2,13.08,13.29
2014-05-06,13.65,13.9,13.28,13.8
2014-05-07,13.64,14.49,13.39,13.4
2014-05-08,13.69,13.88,12.92,13.43
2014-05-09,13.55,14.03,12.87,12.92
2014-05-12,12.46,12.58,11.88,12.23
2014-05-13,12.36,12.74,12.05,12.13
2014-05-14,12.42,12.51,12.03,12.17
2014-05-15,12.73,13.77,12.72,13.17
2014-05-16,13.31,13.66,12.26,12.44
2014-05-19,13.17,13.21,12.28,12.42
2014-05-20,12.69,13.3,12.32,12.96
2014-05-21,12.38,12.46,11.8,11.91
2014-05-22,11.93,12.09,11.68,12.03
2014-05-23,11.96,11.97,11.36,11.36
2014-05-27,11.69,11.84,11.5,11.51
2014-05-28,11.6,11.86,11.5,11.68
2014-05-29,11.58,11.82,11.41,11.57
2014-05-30,11.66,11.7,11.32,11.4
2014-06-02,11.69,12.17,11.29,11.58
2014-06-03,12.03,12.13,11.72,11.87
2014-06-04,12.15,12.33,11.91,12.08
2014-06-05,12.09,12.34,11.44,11.68
2014-06-06,11.32,11.39,10.73,10.73
2014-06-09,11.23,11.51,10.99,11.15
2014-06-10,11.3,11.66,10.93,10.99
2014-06-11,11.42,11.87,11.19,11.6
2014-06-12,11.81,12.81,11.71,12.56
2014-06-13,12.45,12.69,11.89,12.18
2014-06-16,12.65,12.87,12.28,12.65
2014-06-17,12.81,12.89,12.06,12.06
2014-06-18,11.8,11.91,10.57,10.61
2014-06-19,10.53,10.82,10.42,10.62
2014-06-20,10.4,11.02,10.34,10.85
2014-06-23,11.26,11.35,10.92,10.98
2014-06-24,11.02,12.27,10.87,12.13
2014-06-25,12.31,12.33,11.37,11.59
2014-06-26,11.51,12.51,11.5,11.63
2014-06-27,11.72,12.04,11.19,11.26
2014-06-30,11.75,11.81,11.3,11.57
2014-07-01,11.28,11.42,10.92,11.15
2014-07-02,11.18,11.18,10.56,10.82
2014-07-03,10.47,10.76,10.28,10.32
2014-07-07,11.15,11.54,11.01,11.33
2014-07-08,11.72,12.51,11.72,11.98
2014-07-09,11.74,12.05,11.5,11.65
2014-07-10,13.22,13.23,12.05,12.59
2014-07-11,12.5,12.68,12.07,12.08
2014-07-14,11.6,11.83,11.4,11.82
2014-07-15,11.53,12.47,11.46,11.96
2014-07-16,10.81,11.45,10.59,11.0
2014-07-17,11.35,15.38,10.85,14.54
2014-07-18,13.34,13.55,12.04,12.06
2014-07-21,12.85,13.62,12.46,12.81
2014-07-22,11.97,12.24,11.69,12.24
2014-07-23,11.54,12.16,11.41,11.52
2014-07-24,11.43,12.06,11.43,11.84
2014-07-25,12.03,12.75,12.03,12.69
2014-07-28,12.93,13.64,12.54,12.56
2014-07-29,12.35,13.35,12.12,13.28
2014-07-30,12.63,14.07,12.53,13.33
2014-07-31,14.35,17.11,14.26,16.95
2014-08-01,16.67,17.57,15.52,17.03
2014-08-04,16.64,16.8,14.69,15.12
2014-08-05,15.54,17.14,15.1,16.87
2014-08-06,17.22,17.3,15.7,16.37
2014-08-07,15.5,17.25,15.44,16.66
2014-08-08,16.43,17.09,15.53,15.77
2014-08-11,15.16,15.16,13.72,14.23
2014-08-12,14.42,14.74,13.76,14.13
2014-08-13,13.57,13.93,12.84,12.9
2014-08-14,13.05,13.13,12.42,12.42
2014-08-15,11.91,14.94,11.89,13.15
2014-08-18,12.85,12.85,12.26,12.32
2014-08-19,12.14,12.46,11.91,12.21
2014-08-20,12.23,12.24,11.6,11.78
2014-08-21,11.93,13.51,11.52,11.76
2014-08-22,11.88,12.48,11.47,11.47
2014-08-25,11.58,11.77,11.24,11.7
2014-08-26,11.33,11.93,11.33,11.63
2014-08-27,11.69,11.93,11.54,11.78
2014-08-28,12.38,12.73,12.05,12.05
2014-08-29,11.86,12.44,11.78,11.98
2014-09-02,12.32,13.41,12.23,12.25
2014-09-03,12.03,12.55,11.91,12.36
2014-09-04,12.4,12.99,11.7,12.64
2014-09-05,12.37,13.18,11.96,12.09
2014-09-08,12.64,13.09,12.4,12.66
2014-09-09,12.7,13.91,12.7,13.5
2014-09-10,13.36,14.06,12.86,12.88
2014-09-11,13.53,13.67,12.66,12.8
2014-09-12,12.85,14.27,12.85,13.31
2014-09-15,13.54,14.19,13.54,14.12
2014-09-16,14.48,14.53,12.72,12.73
2014-09-17,13.06,14.53,11.73,12.65
2014-09-18,12.55,12.58,11.98,12.03
2014-09-19,11.73,12.61,11.52,12.11
2014-09-22,13.14,13.98,13.13,13.69
2014-09-23,14.82,14.94,13.83,14.93
2014-09-24,14.62,14.93,13.24,13.27
2014-09-25,14.11,16.69,14.03,15.64
2014-09-26,15.77,15.98,14.31,14.85
2014-09-29,16.96,17.08,15.45,15.98
2014-09-30,15.49,16.43,15.18,16.31
2014-10-01,16.44,17.56,16.08,16.71
2014-10-02,16.7,17.98,15.9,16.16
2014-10-03,15.16,15.43,14.44,14.55
2014-10-06,14.46,15.77,14.05,15.46
2014-10-07,16.18,17.46,15.97,17.2
2014-10-08,17.35,18.03,14.97,15.11
2014-10-09,15.64,19.38,15.34,18.76
2014-10-10,19.11,22.06,18.14,21.24
2014-10-13,21.16,24.64,20.52,24.64
2014-10-14,23.77,24.55,21.48,22.79
2014-10-15,26.36,31.06,24.64,26.25
2014-10-16,29.26,29.41,24.61,25.2
2014-10-17,21.68,23.08,20.23,21.99
2014-10-20,22.11,22.16,18.51,18.57
2014-10-21,17.72,17.75,16.03,16.08
2014-10-22,16.06,18.43,15.56,17.87
2014-10-23,16.07,17.06,15.68,16.53
2014-10-24,16.43,18.06,16.09,16.11
2014-10-27,17.24,17.87,16.0,16.04
2014-10-28,15.69,15.78,14.39,14.39
2014-10-29,14.61,16.28,14.19,15.15
2014-10-30,15.31,15.75,14.07,14.52
2014-10-31,13.84,14.83,13.72,14.03
2014-11-03,14.41,14.99,14.23,14.73
2014-11-04,15.05,15.93,14.83,14.89
2014-11-05,14.15,14.99,14.15,14.17
2014-11-06,14.46,15.08,13.67,13.67
2014-11-07,13.71,14.16,13.01,13.12
2014-11-10,13.16,13.25,12.38,12.67
2014-11-11,12.71,13.18,12.6,12.92
2014-11-12,13.76,13.76,12.99,13.02
2014-11-13,13.33,14.31,12.87,13.79
2014-11-14,13.79,14.15,13.31,13.31
2014-11-17,14.7,14.73,13.84,13.99
2014-11-18,13.86,13.99,13.13,13.86
2014-11-19,14.01,14.78,13.83,13.96
2014-11-20,14.66,15.74,13.58,13.58
2014-11-21,13.16,13.8,12.9,12.9
2014-11-24,12.92,13.02,12.43,12.62
2014-11-25,12.55,13.02,12.23,12.25
2014-11-26,12.27,12.4,11.91,12.07
2014-11-28,12.64,13.49,12.36,13.33
2014-12-01,14.16,14.75,13.94,14.29
2014-12-02,14.1,14.17,12.85,12.85
2014-12-03,12.75,12.88,12.21,12.47
2014-12-04,12.7,13.23,12.09,12.38
2014-12-05,12.08,12.28,11.53,11.82
2014-12-08,13.05,14.67,12.55,14.21
2014-12-09,16.23,16.68,14.84,14.89
2014-12-10,15.56,18.92,15.4,18.53
2014-12-11,17.68,20.13,15.94,20.08
2014-12-12,20.51,23.06,18.34,21.08
2014-12-15,19.59,24.83,17.77,20.42
2014-12-16,23.55,25.2,19.6,23.57
2014-12-17,23.9,24.61,19.26,19.44
2014-12-18,17.14,18.51,16.07,16.81
2014-12-19,16.57,17.2,16.11,16.49
2014-12-22,16.32,16.88,15.03,15.25
2014-12-23,14.47,15.21,14.32,14.8
2014-12-24,14.52,14.54,14.01,14.37
2014-12-26,14.6,14.84,14.13,14.5
2014-12-29,16.04,16.14,15.06,15.06
2014-12-30,15.9,16.2,15.48,15.92
2014-12-31,15.91,19.91,15.86,19.2
2015-01-02,17.76,20.14,17.05,17.79
2015-01-05,19.19,21.29,19.19,19.92
2015-01-06,20.33,22.9,19.52,21.12
2015-01-07,20.15,20.72,19.04,19.31
2015-01-08,17.93,18.09,16.99,17.01
2015-01-09,16.44,18.42,16.44,17.55
2015-01-12,18.02,20.44,18.02,19.6
2015-01-13,18.21,21.58,17.65,20.56
2015-01-14,22.87,23.34,21.32,21.48
2015-01-15,21.23,23.31,20.86,22.39
2015-01-16,22.8,23.43,20.95,20.95
2015-01-20,20.07,21.37,19.58,19.89
2015-01-21,20.92,21.28,18.64,18.85
2015-01-22,17.98,19.23,16.07,16.4
2015-01-23,16.79,17.09,15.81,16.66
2015-01-26,16.96,17.43,15.52,15.52
2015-01-27,17.6,18.41,16.67,17.22
2015-01-28,16.97,20.44,16.92,20.44
2015-01-29,20.46,21.56,18.66,18.76
2015-01-30,20.23,22.18,19.24,20.97
2015-02-02,20.89,22.81,19.35,19.43
2015-02-03,18.41,18.89,17.2,17.33
2015-02-04,17.82,18.38,16.82,18.33
2015-02-05,17.29,17.43,16.67,16.85
2015-02-06,16.29,18.74,16.06,17.29
2015-02-09,19.16,19.28,18.21,18.55
2015-02-10,17.72,18.36,16.97,17.23
2015-02-11,17.43,17.81,16.82,16.96
2015-02-12,16.39,16.47,15.28,15.34
2015-02-13,15.11,15.64,14.69,14.69
2015-02-17,15.86,16.33,15.53,15.8
2015-02-18,16.74,16.74,15.44,15.45
2015-02-19,16.11,16.22,15.1,15.29
2015-02-20,15.73,16.29,14.27,14.3
2015-02-23,15.05,15.48,14.49,14.56
2015-02-24,14.5,14.63,13.53,13.69
2015-02-25,13.64,14.06,12.86,13.84
2015-02-26,13.55,14.57,13.55,13.91
2015-02-27,14.07,14.17,13.29,13.34
2015-03-02,13.9,13.9,12.87,13.04
2015-03-03,13.35,14.69,13.25,13.86
2015-03-04,14.31,15.33,14.13,14.23
2015-03-05,14.01,14.58,13.88,14.04
2015-03-06,14.61,15.83,14.18,15.2
2015-03-09,15.72,15.76,14.71,15.06
2015-03-10,16.47,16.91,16.03,16.69
2015-03-11,16.44,17.19,16.29,16.87
2015-03-12,16.45,16.45,15.3,15.42
2015-03-13,15.47,16.74,15.32,16.0
2015-03-16,15.78,15.89,15.36,15.61
2015-03-17,16.31,16.37,15.66,15.66
2015-03-18,14.6,16.29,13.38,13.97
2015-03-19,14.68,14.97,13.84,14.07
2015-03-20,13.52,13.53,12.54,13.02
2015-03-23,13.52,13.53,12.89,13.41
2015-03-24,13.36,13.68,12.59,13.62
2015-03-25,13.26,15.55,13.2,15.44
2015-03-26,16.64,17.19,15.23,15.8
2015-03-27,15.73,15.83,14.19,15.07
2015-03-30,14.76,14.76,14.08,14.51
2015-03-31,14.97,15.74,14.33,15.29
2015-04-01,15.32,16.66,15.08,15.11
2015-04-02,15.3,15.51,14.27,14.67
2015-04-06,15.75,15.76,14.04,14.74
2015-04-07,14.57,14.81,14.01,14.78
2015-04-08,14.59,14.77,13.75,13.98
2015-04-09,14.14,14.59,13.09,13.09
2015-04-10,13.2,13.26,12.51,12.58
2015-04-13,13.17,14.31,12.71,13.94
2015-04-14,14.34,14.74,13.64,13.67
2015-04-15,13.58,13.58,12.83,12.84
2015-04-16,13.27,13.35,12.5,12.6
2015-04-17,13.97,15.02,13.73,13.89
2015-04-20,13.67,13.67,12.83,13.3
2015-04-21,12.75,13.51,12.66,13.25
2015-04-22,12.97,13.8,12.57,12.71
2015-04-23,12.96,12.96,12.12,12.48
2015-04-24,12.21,13.02,12.16,12.29
2015-04-27,12.34,13.4,12.33,13.12
2015-04-28,13.26,14.23,12.41,12.41
2015-04-29,13.44,14.34,12.61,13.39
2015-04-30,13.89,15.29,12.49,14.55
2015-05-01,13.98,13.98,12.68,12.7
2015-05-04,13.12,13.18,12.1,12.85
2015-05-05,13.21,14.41,12.97,14.31
2015-05-06,13.93,16.36,13.89,15.15
2015-05-07,15.48,15.97,14.81,15.13
2015-05-08,13.36,13.42,12.7,12.86
2015-05-11,13.35,13.85,13.0,13.85
2015-05-12,14.73,15.13,13.73,13.86
2015-05-13,13.63,14.04,13.06,13.76
2015-05-14,13.14,13.29,12.72,12.74
2015-05-15,12.46,13.09,12.35,12.38
2015-05-18,13.08,13.22,12.55,12.73
2015-05-19,12.95,13.13,12.55,12.85
2015-05-20,12.9,13.27,12.62,12.88
2015-05-21,13.03,13.09,12.09,12.11
2015-05-22,12.37,12.37,11.82,12.13
2015-05-26,13.45,14.63,13.34,14.06
2015-05-27,14.16,14.41,13.05,13.27
2015-05-28,13.49,13.99,13.31,13.31
2015-05-29,13.59,14.43,13.4,13.84
2015-06-01,13.92,14.86,13.47,13.97
2015-06-02,14.72,15.05,13.59,14.24
2015-06-03,13.73,14.2,13.4,13.66
2015-06-04,14.57,15.49,13.99,14.71
2015-06-05,15.01,15.65,14.21,14.21
2015-06-08,14.84,15.5,14.67,15.29
2015-06-09,15.18,15.74,14.47,14.47
2015-06-10,14.24,14.37,12.96,13.22
2015-06-11,13.04,13.22,12.56,12.85
2015-06-12,13.31,14.02,13.3,13.78
2015-06-15,15.48,15.57,14.91,15.39
2015-06-16,15.62,15.62,14.81,14.81
2015-06-17,14.66,15.49,14.07,14.5
2015-06-18,14.03,14.03,12.54,13.19
2015-06-19,13.35,14.0,12.96,13.96
2015-06-22,13.42,13.46,12.43,12.74
2015-06-23,12.5,12.68,11.93,12.11
2015-06-24,12.57,13.33,12.01,13.26
2015-06-25,12.96,14.16,12.92,14.01
2015-06-26,14.13,14.91,13.64,14.02
2015-06-29,16.7,19.5,15.82,18.85
2015-06-30,17.6,19.8,17.49,18.23
2015-07-01,16.63,17.26,15.65,16.09
2015-07-02,15.43,17.48,15.39,16.79
2015-07-06,18.65,18.95,16.57,17.01
2015-07-07,17.22,19.2,15.93,16.09
2015-07-08,17.38,19.76,16.94,19.66
2015-07-09,17.46,20.05,17.2,19.97
2015-07-10,17.45,18.17,16.6,16.83
2015-07-13,15.29,15.36,13.82,13.9
2015-07-14,13.91,13.95,12.9,13.37
2015-07-15,13.35,13.97,12.81,13.23
2015-07-16,12.59,12.61,11.87,12.11
2015-07-17,11.77,12.22,11.77,11.95
2015-07-20,12.25,12.37,11.71,12.25
2015-07-21,12.42,12.79,12.21,12.22
2015-07-22,12.77,12.83,12.05,12.12
2015-07-23,12.06,13.08,11.73,12.63
2015-07-24,12.87,14.73,12.86,13.74
2015-07-27,15.6,16.27,15.03,15.6
2015-07-28,14.87,15.62,13.32,13.44
2015-07-29,13.57,13.59,11.85,12.5
2015-07-30,12.72,13.42,12.09,12.13
2015-07-31,12.03,12.63,11.82,12.12
2015-08-03,12.85,13.55,12.32,12.56
2015-08-04,12.66,13.22,12.29,13.0
2015-08-05,12.02,12.72,10.88,12.51
2015-08-06,12.2,14.25,12.16,13.77
2015-08-07,13.57,14.58,13.29,13.39
2015-08-10,12.73,12.78,12.18,12.23
2015-08-11,13.24,14.33,13.02,13.71
2015-08-12,15.19,16.28,13.45,13.61
2015-08-13,13.87,14.33,13.06,13.49
2015-08-14,13.69,13.87,12.8,12.83
2015-08-17,14.32,14.52,13.01,13.02
2015-08-18,13.41,13.94,13.17,13.79
2015-08-19,14.84,15.96,13.73,15.25
2015-08-20,16.55,19.24,16.13,19.14
2015-08-21,22.55,28.38,20.8,28.03
2015-08-24,28.03,53.29,28.03,40.74
2015-08-25,31.13,38.06,28.08,36.02
2015-08-26,31.13,35.62,28.67,30.32
2015-08-27,27.11,29.9,24.49,26.1
2015-08-28,26.69,29.2,25.77,26.05
2015-08-31,27.03,29.37,26.63,28.43
2015-09-01,31.91,33.82,29.91,31.4
2015-09-02,29.14,30.45,24.77,26.09
2015-09-03,25.21,26.31,23.45,25.61
2015-09-04,27.43,29.47,25.68,27.8
2015-09-08,25.05,26.25,24.13,24.9
2015-09-09,22.39,26.82,21.51,26.23
2015-09-10,26.87,27.22,23.53,24.37
2015-09-11,25.38,25.81,23.15,23.2
2015-09-14,24.03,25.32,23.64,24.25
2015-09-15,23.28,23.77,22.13,22.54
2015-09-16,22.57,22.94,21.09,21.35
2015-09-17,21.54,23.33,17.87,21.14
2015-09-18,23.07,23.99,20.98,22.28
2015-09-21,21.97,22.48,20.05,20.14
2015-09-22,22.97,26.29,22.25,22.44
2015-09-23,22.09,23.2,21.14,22.13
2015-09-24,23.53,25.3,21.81,23.47
2015-09-25,21.12,24.29,20.81,23.62
2015-09-28,25.02,28.33,24.94,27.63
2015-09-29,26.57,28.2,25.76,26.83
2015-09-30,24.64,25.88,23.25,24.5
2015-10-01,23.14,25.23,22.55,22.55
2015-10-02,23.99,24.47,20.35,20.94
2015-10-05,20.31,20.42,19.14,19.54
2015-10-06,19.54,20.32,18.82,19.4
2015-10-07,18.96,19.73,18.33,18.4
2015-10-08,18.62,19.02,16.34,17.42
2015-10-09,17.15,18.2,16.89,17.08
2015-10-12,17.68,17.81,16.15,16.17
2015-10-13,17.08,17.7,16.14,17.67
2015-10-14,17.67,18.78,17.3,18.03
2015-10-15,17.62,17.85,16.04,16.05
2015-10-16,15.64,16.86,15.05,15.05
2015-10-19,15.68,16.23,14.82,14.98
2015-10-20,15.17,16.34,14.72,15.75
2015-10-21,14.98,16.7,14.41,16.7
2015-10-22,15.02,15.92,14.45,14.45
2015-10-23,13.46,15.12,13.24,14.46
2015-10-26,14.76,15.43,14.68,15.29
2015-10-27,15.75,15.99,14.78,15.43
2015-10-28,15.14,15.73,12.8,14.33
2015-10-29,14.8,15.46,14.33,14.61
2015-10-30,14.6,15.39,14.0,15.07
2015-11-02,15.41,15.51,13.67,14.15
2015-11-03,14.33,14.73,13.81,14.54
2015-11-04,14.04,15.88,13.96,15.51
2015-11-05,15.39,16.39,15.0,15.05
2015-11-06,14.91,16.0,14.32,14.33
2015-11-09,15.34,17.09,15.14,16.52
2015-11-10,16.69,16.96,15.24,15.29
2015-11-11,15.07,16.15,15.02,16.06
2015-11-12,17.06,18.5,16.65,18.37
2015-11-13,18.68,20.67,18.2,20.08
2015-11-16,20.51,20.55,17.25,18.16
2015-11-17,17.82,19.59,16.86,18.84
2015-11-18,19.01,19.45,16.8,16.85
2015-11-19,16.25,18.26,16.0,16.99
2015-11-20,16.13,16.38,15.47,15.47
2015-11-23,16.15,16.74,15.38,15.62
2015-11-24,16.53,17.21,15.48,15.93
2015-11-25,15.55,15.89,15.05,15.19
2015-11-27,15.31,16.09,15.12,15.12
2015-11-30,15.55,16.57,15.52,16.13
2015-12-01,15.61,16.34,14.63,14.67
2015-12-02,15.04,16.49,14.71,15.91
2015-12-03,15.87,19.35,15.86,18.11
2015-12-04,17.43,17.65,14.69,14.81
2015-12-07,15.65,17.18,15.58,15.84
2015-12-08,17.69,18.33,16.52,17.6
2015-12-09,18.05,20.13,15.72,19.61
2015-12-10,19.25,19.72,18.13,19.34
2015-12-11,21.36,25.27,20.88,24.39
2015-12-14,24.7,26.81,21.47,22.73
2015-12-15,20.76,21.62,20.02,20.95
2015-12-16,19.25,20.24,17.12,17.86
2015-12-17,16.18,19.05,16.13,18.94
2015-12-18,19.34,23.3,18.75,20.7
2015-12-21,19.64,20.21,18.7,18.7
2015-12-22,17.61,18.22,16.6,16.6
2015-12-23,15.86,16.25,15.33,15.57
2015-12-24,15.44,15.88,14.45,15.74
2015-12-28,17.65,18.13,16.88,16.91
2015-12-29,15.91,16.48,15.63,16.08
2015-12-30,16.5,17.42,16.5,17.29
2015-12-31,17.97,20.39,17.51,18.21
2016-01-04,22.48,23.36,20.67,20.7
2016-01-05,20.75,21.06,19.25,19.34
2016-01-06,21.67,21.86,19.8,20.59
2016-01-07,23.22,25.86,22.4,24.99
2016-01-08,22.96,27.08,22.48,27.01
2016-01-11,25.58,27.39,23.83,24.3
2016-01-12,22.97,23.93,21.91,22.47
2016-01-13,21.72,26.11,21.44,25.22
2016-01-14,24.75,26.28,23.07,23.95
2016-01-15,28.96,30.95,26.67,27.02
2016-01-19,25.4,27.59,25.21,26.05
2016-01-20,27.78,32.09,26.59,27.59
2016-01-21,27.79,28.43,25.01,26.69
2016-01-22,24.21,24.55,22.22,22.34
2016-01-25,23.3,24.31,22.38,24.15
2016-01-26,23.75,24.02,22.33,22.5
2016-01-27,22.88,27.22,20.42,23.11
2016-01-28,22.15,23.81,21.9,22.42
2016-01-29,21.59,21.74,19.5,20.2
2016-02-01,21.32,23.66,19.61,19.98
2016-02-02,21.34,22.42,21.06,21.98
2016-02-03,21.49,27.7,21.42,21.65
2016-02-04,22.29,23.14,21.24,21.84
2016-02-05,22.09,24.11,21.91,23.38
2016-02-08,25.89,27.72,25.56,26.0
2016-02-09,28.3,28.31,25.99,26.54
2016-02-10,25.75,26.6,24.47,26.29
2016-02-11,29.01,30.9,26.67,28.14
2016-02-12,27.16,27.57,24.92,25.4
2016-02-16,24.96,25.52,23.32,24.11
2016-02-17,23.4,24.16,21.83,22.31
2016-02-18,22.16,22.53,21.29,21.64
2016-02-19,22.39,23.44,20.52,20.53
2016-02-22,20.14,20.35,19.02,19.38
2016-02-23,19.75,21.16,19.54,20.98
2016-02-24,22.28,22.87,20.26,20.72
2016-02-25,20.54,21.26,19.1,19.11
2016-02-26,18.89,20.13,18.46,19.81
2016-02-29,20.49,20.81,18.38,20.55
2016-03-01,19.84,20.17,17.66,17.7
2016-03-02,17.98,18.41,16.78,17.09
2016-03-03,17.25,17.56,16.32,16.7
2016-03-04,16.48,17.35,16.05,16.86
2016-03-07,17.98,18.04,16.87,17.35
2016-03-08,18.38,18.89,17.82,18.67
2016-03-09,18.56,19.11,18.31,18.34
2016-03-10,18.17,19.59,17.06,18.05
2016-03-11,17.09,17.27,16.28,16.5
2016-03-14,17.01,17.67,16.69,16.92
2016-03-15,17.6,17.85,16.84,16.84
2016-03-16,15.96,16.33,14.89,14.99
2016-03-17,15.34,15.38,13.82,14.44
2016-03-18,14.05,14.36,13.75,14.02
2016-03-21,14.57,14.73,13.79,13.79
2016-03-22,14.57,14.76,13.75,14.17
2016-03-23,14.57,15.03,14.33,14.94
2016-03-24,16.3,16.44,14.71,14.74
2016-03-28,15.65,16.04,14.89,15.24
2016-03-29,15.74,15.89,13.79,13.82
2016-03-30,13.69,13.89,13.06,13.56
2016-03-31,13.73,14.28,13.49,13.95
2016-04-01,15.23,15.28,13.0,13.1
2016-04-04,13.88,14.24,13.66,14.12
2016-04-05,15.39,15.72,14.93,15.42
2016-04-06,15.61,15.98,14.0,14.09
2016-04-07,15.14,16.77,14.68,16.16
2016-04-08,15.34,15.93,14.84,15.36
2016-04-11,15.34,16.26,14.83,16.26
2016-04-12,15.98,16.57,14.84,14.85
2016-04-13,14.49,14.53,13.6,13.84
2016-04-14,13.9,14.12,13.38,13.72
2016-04-15,13.99,14.19,13.58,13.62
2016-04-18,14.87,14.94,13.23,13.35
2016-04-19,13.18,13.88,12.98,13.24
2016-04-20,13.39,13.5,12.5,13.28
2016-04-21,13.2,14.14,13.16,13.95
2016-04-22,13.7,14.19,13.15,13.22
2016-04-25,14.07,14.76,13.86,14.08
2016-04-26,14.01,14.43,13.66,13.96
2016-04-27,14.15,14.95,13.5,13.77
2016-04-28,14.53,15.61,13.3,15.22
2016-04-29,15.21,17.09,14.91,15.7
2016-05-02,16.33,16.5,14.48,14.68
2016-05-03,14.92,16.42,14.91,15.6
2016-05-04,15.47,16.85,15.39,16.05
2016-05-05,15.54,16.45,15.22,15.91
2016-05-06,16.2,16.58,14.71,14.72
2016-05-09,15.2,15.39,14.17,14.57
2016-05-10,13.98,14.35,13.55,13.63
2016-05-11,13.92,14.69,13.29,14.69
2016-05-12,14.55,15.42,13.95,14.41
2016-05-13,15.15,15.47,13.97,15.04
2016-05-16,15.72,15.98,14.28,14.68
2016-05-17,14.57,16.12,14.48,15.57
2016-05-18,15.72,16.47,14.86,15.95
2016-05-19,16.37,17.65,16.28,16.33
2016-05-20,16.13,16.3,15.11,15.2
2016-05-23,16.33,16.47,15.4,15.82
2016-05-24,16.03,16.06,14.36,14.42
2016-05-25,14.19,14.33,13.64,13.9
2016-05-26,13.8,14.11,13.43,13.43
2016-05-27,13.49,13.76,13.04,13.12
2016-05-31,13.94,15.0,13.45,14.19
2016-06-01,14.45,15.25,14.18,14.2
2016-06-02,14.42,14.92,13.62,13.63
2016-06-03,13.78,14.66,12.9,13.47
2016-06-06,13.84,14.27,13.42,13.65
2016-06-07,12.77,14.05,12.72,14.05
2016-06-08,13.84,14.27,13.7,14.08
2016-06-09,14.01,14.85,13.99,14.64
2016-06-10,14.89,17.33,14.85,17.03
2016-06-13,18.24,21.01,17.89,20.97
2016-06-14,21.28,22.16,20.27,20.5
2016-06-15,20.25,20.45,18.63,20.14
2016-06-16,20.8,22.89,19.24,19.37
2016-06-17,19.42,20.03,18.71,19.41
2016-06-20,17.42,18.55,16.59,18.37
2016-06-21,17.67,18.96,16.91,18.48
2016-06-22,18.26,21.22,17.83,21.17
2016-06-23,19.54,19.79,17.25,17.25
2016-06-24,26.06,26.24,19.48,25.76
2016-06-27,24.38,26.72,22.93,23.85
2016-06-28,21.76,22.07,18.75,18.75
2016-06-29,18.12,18.27,16.48,16.64
2016-06-30,16.91,16.99,15.29,15.63
2016-07-01,15.59,15.86,14.61,14.77
2016-07-05,16.05,16.62,15.49,15.58
2016-07-06,15.87,17.04,14.96,14.96
2016-07-07,14.8,15.98,14.33,14.76
2016-07-08,14.64,14.75,13.19,13.2
2016-07-11,13.25,13.67,13.0,13.54
2016-07-12,12.93,13.93,12.75,13.55
2016-07-13,13.32,13.79,12.92,13.04
2016-07-14,12.5,13.37,12.14,12.82
2016-07-15,13.12,13.22,12.27,12.67
2016-07-18,12.75,13.12,12.33,12.44
2016-07-19,12.53,12.83,11.94,11.97
2016-07-20,11.94,11.97,11.4,11.77
2016-07-21,11.8,13.06,11.69,12.74
2016-07-22,12.8,12.88,11.97,12.02
2016-07-25,12.64,13.72,12.39,12.87
2016-07-26,12.88,13.5,12.8,13.05
2016-07-27,12.61,13.74,12.5,12.83
2016-07-28,12.51,13.52,12.36,12.72
2016-07-29,12.85,12.9,11.77,11.87
2016-08-01,11.89,12.98,11.86,12.44
2016-08-02,12.39,14.24,12.35,13.37
2016-08-03,13.53,13.91,12.73,12.86
2016-08-04,12.73,12.98,11.79,12.42
2016-08-05,12.08,12.26,11.18,11.39
2016-08-08,11.66,11.78,11.41,11.5
2016-08-09,11.4,11.92,11.02,11.66
2016-08-10,11.55,12.5,11.37,12.05
2016-08-11,11.93,12.11,11.38,11.68
2016-08-12,11.61,12.0,11.28,11.55
2016-08-15,11.81,12.17,11.58,11.81
2016-08-16,12.04,12.78,11.87,12.64
2016-08-17,12.57,13.71,12.14,12.19
2016-08-18,12.2,12.53,11.42,11.43
2016-08-19,11.67,12.28,11.33,11.34
2016-08-22,12.53,13.02,11.94,12.27
2016-08-23,12.15,12.44,11.72,12.38
2016-08-24,12.7,14.01,12.3,13.45
2016-08-25,13.62,14.09,13.29,13.63
2016-08-26,13.54,14.93,12.13,13.65
2016-08-29,14.09,14.43,12.9,12.94
2016-08-30,12.94,13.6,12.7,13.12
2016-08-31,13.14,14.34,12.97,13.42
2016-09-01,13.07,14.61,12.99,13.48
2016-09-02,13.47,13.9,11.9,11.98
2016-09-06,12.42,12.93,11.85,12.02
2016-09-07,11.89,12.45,11.77,11.94
2016-09-08,11.74,12.6,11.65,12.51
2016-09-09,12.52,17.54,12.52,17.5
2016-09-12,20.13,20.51,14.76,15.16
2016-09-13,15.98,18.97,15.83,17.85
2016-09-14,17.63,18.14,16.34,18.14
2016-09-15,17.97,18.07,15.74,16.3
2016-09-16,16.41,17.1,15.28,15.37
2016-09-19,15.14,15.96,14.6,15.53
2016-09-20,14.98,16.09,14.69,15.92
2016-09-21,15.07,15.65,12.98,13.3
2016-09-22,13.39,13.39,11.76,12.02
2016-09-23,12.0,12.58,11.93,12.29
2016-09-26,13.26,14.63,13.26,14.5
2016-09-27,13.36,14.76,12.97,13.1
2016-09-28,12.9,13.57,12.24,12.39
2016-09-29,12.53,15.69,12.14,14.02
2016-09-30,14.91,15.2,12.53,13.29
2016-10-03,13.75,14.42,13.42,13.57
2016-10-04,13.4,14.57,12.92,13.63
2016-10-05,13.56,13.68,12.7,12.99
2016-10-06,13.11,13.84,12.8,12.84
2016-10-07,13.52,14.15,12.21,13.48
2016-10-10,14.19,14.36,13.29,13.38
2016-10-11,13.71,16.47,13.69,15.36
2016-10-12,15.53,16.34,15.26,15.91
2016-10-13,16.88,17.95,16.14,16.69
2016-10-14,16.49,16.5,15.25,16.12
2016-10-17,17.01,17.11,16.13,16.21
2016-10-18,15.82,15.85,15.03,15.28
2016-10-19,15.45,15.68,13.87,14.41
2016-10-20,14.43,14.72,13.74,13.75
2016-10-21,14.04,14.53,13.27,13.34
2016-10-24,13.19,13.26,12.83,13.02
2016-10-25,12.91,13.86,12.73,13.46
2016-10-26,13.66,14.8,13.66,14.24
2016-10-27,14.37,15.43,13.6,15.36
2016-10-28,15.67,17.35,14.65,16.19
2016-10-31,16.31,17.63,16.25,17.06
2016-11-01,16.54,20.43,16.51,18.56
2016-11-02,19.09,19.82,18.56,19.32
2016-11-03,19.85,22.57,18.84,22.08
2016-11-04,21.86,23.01,19.2,22.51
2016-11-07,19.78,19.86,18.39,18.71
2016-11-08,18.92,19.91,17.7,18.74
2016-11-09,20.7,21.48,14.33,14.38
2016-11-10,14.01,16.3,13.26,14.74
2016-11-11,14.83,16.0,14.15,14.17
2016-11-14,14.69,15.56,14.39,14.48
2016-11-15,14.16,14.65,13.3,13.37
2016-11-16,13.51,14.49,13.51,13.72
2016-11-17,13.37,13.88,12.97,13.35
2016-11-18,13.56,13.74,12.85,12.85
2016-11-21,13.27,13.44,12.16,12.42
2016-11-22,12.26,12.83,12.2,12.41
2016-11-23,12.34,13.01,12.19,12.43
2016-11-25,12.52,12.74,12.31,12.34
2016-11-28,13.4,13.5,12.74,13.15
2016-11-29,13.07,13.55,12.62,12.9
2016-11-30,12.6,13.42,12.23,13.33
2016-12-01,13.4,14.72,13.05,14.07
2016-12-02,14.16,14.48,12.39,14.12
2016-12-05,13.75,13.77,12.14,12.14
2016-12-06,12.19,12.3,11.54,11.79
2016-12-07,11.59,12.24,11.33,12.22
2016-12-08,12.1,13.4,11.3,12.64
2016-12-09,12.59,12.72,11.67,11.75
2016-12-12,12.23,12.78,12.07,12.64
2016-12-13,12.46,13.42,12.34,12.72
2016-12-14,12.88,13.39,12.48,13.19
2016-12-15,13.07,13.24,12.46,12.79
2016-12-16,12.88,12.95,12.15,12.2
2016-12-19,12.5,12.52,11.67,11.71
2016-12-20,11.65,11.75,11.38,11.45
2016-12-21,11.44,11.49,10.93,11.27
2016-12-22,11.32,11.67,11.14,11.43
2016-12-23,11.38,11.81,11.35,11.44
2016-12-27,12.26,12.33,11.84,11.99
2016-12-28,11.89,13.04,11.85,12.95
2016-12-29,13.15,13.71,12.95,13.37
2016-12-30,13.2,14.68,13.05,14.04
2017-01-03,14.07,14.07,12.85,12.85
2017-01-04,12.78,12.8,11.63,11.85
2017-01-05,11.96,12.09,11.4,11.67
2017-01-06,11.7,11.74,10.98,11.32
2017-01-09,11.71,12.08,11.46,11.56
2017-01-10,11.59,11.79,11.31,11.49
2017-01-11,11.56,12.23,11.21,11.26
2017-01-12,11.48,12.6,11.32,11.54
2017-01-13,11.45,11.62,10.94,11.23
2017-01-17,12.2,12.75,11.79,11.87
2017-01-18,11.79,12.81,11.69,12.48
2017-01-19,12.58,13.28,12.17,12.78
2017-01-20,12.58,12.59,11.53,11.54
2017-01-23,12.3,12.62,11.59,11.77
2017-01-24,11.82,11.89,11.04,11.07
2017-01-25,10.79,11.05,10.51,10.81
2017-01-26,10.61,11.01,10.6,10.63
2017-01-27,10.57,10.82,10.3,10.58
2017-01-30,11.1,12.9,11.1,11.88
2017-01-31,12.29,12.99,11.79,11.99
2017-02-01,11.79,12.05,9.97,11.81
2017-02-02,12.37,12.47,11.62,11.93
2017-02-03,11.84,11.84,10.72,10.97
2017-02-06,11.37,11.84,11.09,11.37
2017-02-07,11.39,11.67,11.06,11.29
2017-02-08,11.19,11.82,11.15,11.45
2017-02-09,11.44,11.53,10.74,10.88
2017-02-10,10.85,10.95,10.55,10.85
2017-02-13,11.36,11.4,11.07,11.07
2017-02-14,11.17,11.34,10.73,10.74
2017-02-15,10.84,12.01,10.8,11.97
2017-02-16,12.02,12.86,11.69,11.76
2017-02-17,11.84,12.26,11.37,11.49
2017-02-21,12.05,12.09,11.5,11.57
2017-02-22,11.48,12.07,11.44,11.74
2017-02-23,11.66,12.46,11.54,11.71
2017-02-24,11.81,12.59,11.34,11.47
2017-02-27,11.78,12.14,11.53,12.09
2017-02-28,12.19,12.96,12.13,12.92
2017-03-01,12.31,12.58,11.78,12.54
2017-03-02,12.43,12.71,11.32,11.81
2017-03-03,11.96,11.97,10.94,10.96
2017-03-06,11.59,11.72,11.06,11.24
2017-03-07,11.27,11.58,11.04,11.45
2017-03-08,11.49,11.86,11.09,11.86
2017-03-09,11.75,12.43,11.62,12.3
2017-03-10,11.97,12.09,11.46,11.66
2017-03-13,12.16,12.23,11.29,11.35
2017-03-14,11.39,12.54,11.28,12.3
2017-03-15,12.12,12.25,10.6,11.63
2017-03-16,11.29,11.55,11.16,11.21
2017-03-17,11.38,11.38,10.78,11.28
2017-03-20,11.71,11.72,11.03,11.34
2017-03-21,11.15,12.85,10.92,12.47
2017-03-22,12.95,13.16,11.99,12.81
2017-03-23,12.65,13.17,12.18,13.12
2017-03-24,12.86,14.16,12.27,12.96
2017-03-27,14.78,15.11,12.48,12.5
2017-03-28,12.44,12.67,11.34,11.53
2017-03-29,11.54,11.7,11.03,11.42
2017-03-30,11.37,11.64,11.12,11.54
2017-03-31,11.61,12.54,11.5,12.37
2017-04-03,12.59,13.59,12.27,12.38
2017-04-04,12.71,13.07,11.7,11.79
2017-04-05,11.89,12.89,10.9,12.89
2017-04-06,13.11,13.22,11.7,12.39
2017-04-07,13.17,13.43,12.23,12.87
2017-04-10,13.24,14.11,12.94,14.05
2017-04-11,14.32,15.88,14.17,15.07
2017-04-12,15.16,16.16,14.84,15.77
2017-04-13,15.89,16.22,14.97,15.96
2017-04-17,16.19,16.28,14.6,14.66
2017-04-18,14.5,15.5,14.29,14.42
2017-04-19,14.0,15.15,13.46,14.93
2017-04-20,14.59,14.81,13.83,14.15
2017-04-21,13.85,15.33,13.85,14.63
2017-04-24,11.56,12.01,10.82,10.84
2017-04-25,10.81,11.15,10.22,10.76
2017-04-26,10.61,10.89,10.39,10.85
2017-04-27,10.72,11.08,10.33,10.36
2017-04-28,10.39,11.16,10.29,10.82
2017-05-01,10.92,11.04,9.9,10.11
2017-05-02,10.15,10.59,10.04,10.59
2017-05-03,10.56,11.15,10.4,10.68
2017-05-04,10.71,11.24,10.27,10.46
2017-05-05,10.51,10.98,9.99,10.57
2017-05-08,10.53,10.55,9.67,9.77
2017-05-09,9.87,10.14,9.56,9.96
2017-05-10,9.75,10.24,9.62,10.21
2017-05-11,10.34,11.23,10.32,10.6
2017-05-12,10.72,10.87,10.28,10.4
2017-05-15,10.54,10.88,10.25,10.42
2017-05-16,10.46,10.67,10.18,10.65
2017-05-17,11.89,15.59,11.53,15.59
2017-05-18,14.06,16.3,14.03,14.66
2017-05-19,14.23,14.23,11.72,12.04
2017-05-22,12.29,12.52,10.89,10.93
2017-05-23,11.0,11.0,10.56,10.72
2017-05-24,10.61,10.9,9.88,10.02
2017-05-25,9.82,10.29,9.72,9.99
2017-05-26,9.93,10.48,9.65,9.81
2017-05-30,10.61,10.84,10.14,10.38
2017-05-31,10.1,11.3,9.93,10.41
2017-06-01,10.42,10.54,9.69,9.89
2017-06-02,10.08,10.3,9.58,9.75
2017-06-05,10.08,10.28,9.6,10.07
2017-06-06,10.19,10.77,9.86,10.45
2017-06-07,10.48,10.93,10.12,10.39
2017-06-08,10.27,10.53,9.73,10.16
2017-06-09,9.93,12.11,9.37,10.7
2017-06-12,11.19,12.37,11.19,11.46
2017-06-13,11.12,11.14,10.26,10.42
2017-06-14,10.33,11.26,10.01,10.64
2017-06-15,11.06,12.01,10.74,10.9
2017-06-16,10.63,11.35,10.26,10.38
2017-06-19,10.57,10.6,10.01,10.37
2017-06-20,10.28,11.15,10.24,10.86
2017-06-21,11.03,11.4,10.4,10.75
2017-06-22,10.81,11.01,10.24,10.48
2017-06-23,10.25,10.69,9.85,10.02
2017-06-26,10.13,10.44,9.68,9.9
2017-06-27,10.04,11.31,9.8,11.06
2017-06-28,11.17,11.49,9.76,10.03
2017-06-29,9.79,15.16,9.73,11.44
2017-06-30,11.74,11.85,10.4,11.18
2017-07-03,11.07,11.45,10.28,11.22
2017-07-05,11.2,12.03,10.79,11.07
2017-07-06,11.2,13.05,11.18,12.54
2017-07-07,12.48,12.57,10.98,11.19
2017-07-10,11.26,11.73,10.61,11.11
2017-07-11,10.79,12.14,10.68,10.89
2017-07-12,10.85,10.85,10.08,10.3
2017-07-13,10.07,10.4,9.9,9.9
2017-07-14,10.09,10.14,9.5,9.51
2017-07-17,9.77,10.03,9.71,9.82
2017-07-18,9.86,10.35,9.66,9.89
2017-07-19,9.69,9.94,9.58,9.79
2017-07-20,9.66,10.28,9.5,9.58
2017-07-21,9.52,9.98,9.3,9.36
2017-07-24,9.94,9.97,9.26,9.43
2017-07-25,9.4,9.52,9.04,9.43
2017-07-26,9.25,9.66,8.84,9.6
2017-07-27,9.33,11.5,9.16,10.11
2017-07-28,10.62,11.3,10.26,10.29
2017-07-31,10.53,10.84,10.23,10.26
2017-08-01,10.19,10.56,9.95,10.09
2017-08-02,10.08,10.81,9.8,10.28
2017-08-03,10.47,10.6,9.9,10.44
2017-08-04,10.48,10.5,9.68,10.03
2017-08-07,10.19,10.32,9.76,9.93
2017-08-08,10.04,11.52,9.52,10.96
2017-08-09,11.49,12.63,11.11,11.11
2017-08-10,11.57,16.17,11.56,16.04
2017-08-11,16.17,17.28,14.5,15.51
2017-08-14,14.05,14.05,12.06,12.33
2017-08-15,11.78,12.37,11.45,12.04
2017-08-16,11.59,12.54,11.25,11.74
2017-08-17,11.81,15.77,11.54,15.55
2017-08-18,15.38,16.04,13.32,14.26
2017-08-21,14.59,14.74,13.07,13.19
2017-08-22,12.6,12.94,11.35,11.35
2017-08-23,11.51,12.59,11.39,12.25
2017-08-24,12.06,12.83,11.55,12.23
2017-08-25,12.2,12.45,11.1,11.28
2017-08-28,12.09,12.11,11.23,11.32
2017-08-29,13.33,14.34,11.48,11.7
2017-08-30,11.4,11.98,10.96,11.22
2017-08-31,11.07,11.22,10.34,10.59
2017-09-01,10.33,10.46,10.02,10.13
2017-09-05,11.75,14.06,11.41,12.23
2017-09-06,12.27,12.59,11.35,11.63
2017-09-07,11.93,12.07,11.32,11.55
2017-09-08,11.87,12.6,11.84,12.12
2017-09-11,11.38,11.39,10.51,10.73
2017-09-12,10.66,10.95,10.29,10.58
2017-09-13,10.72,10.86,10.33,10.5
2017-09-14,10.57,11.04,10.28,10.44
2017-09-15,10.51,10.74,10.0,10.17
2017-09-18,10.18,10.42,9.88,10.15
2017-09-19,10.16,10.3,9.85,10.18
2017-09-20,10.04,10.67,9.67,9.78
2017-09-21,9.74,10.21,9.54,9.67
2017-09-22,9.9,10.2,9.5,9.59
2017-09-25,10.08,11.21,9.79,10.21
2017-09-26,10.42,10.68,9.94,10.17
2017-09-27,9.9,10.42,9.63,9.87
2017-09-28,9.74,10.13,9.55,9.55
2017-09-29,9.59,9.83,9.36,9.51
2017-10-02,9.59,10.04,9.37,9.45
2017-10-03,9.3,9.75,9.3,9.51
2017-10-04,9.53,9.88,9.53,9.63
2017-10-05,9.48,9.62,9.13,9.19
2017-10-06,9.23,10.27,9.11,9.65
2017-10-09,9.92,10.53,9.88,10.33
2017-10-10,10.15,10.66,9.94,10.08
2017-10-11,9.95,10.38,9.72,9.85
2017-10-12,9.94,10.33,9.65,9.91
2017-10-13,9.95,9.98,9.44,9.61
2017-10-16,9.95,10.02,9.75,9.91
2017-10-17,9.85,10.46,9.78,10.31
2017-10-18,10.34,10.41,9.87,10.07
2017-10-19,10.22,11.77,9.99,10.05
2017-10-20,9.92,10.04,9.29,9.97
2017-10-23,10.25,11.08,9.94,11.07
2017-10-24,10.89,11.16,10.39,11.16
2017-10-25,11.34,13.2,10.99,11.23
2017-10-26,11.17,11.81,10.6,11.3
2017-10-27,11.12,11.12,9.74,9.8
2017-10-30,10.28,10.89,10.1,10.5
2017-10-31,10.34,10.37,9.9,10.18
2017-11-01,9.79,10.49,9.74,10.2
2017-11-02,10.44,10.89,9.67,9.93
2017-11-03,9.83,9.91,8.99,9.14
2017-11-06,9.63,9.74,9.38,9.4
2017-11-07,9.31,10.31,9.29,9.89
2017-11-08,9.79,10.27,9.5,9.78
2017-11-09,9.94,12.19,9.79,10.5
2017-11-10,10.78,11.58,10.5,11.29
2017-11-13,11.43,12.18,11.0,11.5
2017-11-14,11.53,12.61,11.45,11.59
2017-11-15,12.52,14.51,12.33,13.13
2017-11-16,12.47,12.52,11.38,11.76
2017-11-17,11.75,12.01,11.16,11.43
2017-11-20,11.96,12.08,10.44,10.65
2017-11-21,10.74,10.78,9.67,9.73
2017-11-22,9.6,9.88,9.32,9.88
2017-11-24,9.82,9.96,8.56,9.67
2017-11-27,10.07,10.26,9.79,9.87
2017-11-28,9.72,10.31,9.53,10.03
2017-11-29,9.91,10.93,9.81,10.7
2017-11-30,10.49,12.05,10.25,11.28
2017-12-01,11.19,14.58,10.54,11.43
2017-12-04,11.05,11.86,10.26,11.68
2017-12-05,11.38,11.67,10.65,11.33
2017-12-06,11.63,11.68,10.86,11.02
2017-12-07,10.9,11.32,10.12,10.16
2017-12-08,10.0,10.06,9.43,9.58
2017-12-11,9.74,10.08,9.28,9.34
2017-12-12,9.36,9.92,9.21,9.92
2017-12-13,9.78,10.21,9.65,10.18
2017-12-14,9.98,10.54,9.78,10.49
2017-12-15,10.12,10.2,9.22,9.42
2017-12-18,9.46,9.89,9.24,9.53
2017-12-19,9.4,10.15,9.18,10.03
2017-12-20,9.69,9.85,8.9,9.72
2017-12-21,9.59,9.86,9.2,9.62
2017-12-22,9.37,10.18,9.35,9.9
2017-12-26,10.19,10.46,10.13,10.25
2017-12-27,10.04,10.79,9.71,10.47
2017-12-28,10.29,10.44,10.07,10.18
2017-12-29,10.03,11.06,9.95,11.04
2018-01-02,10.95,11.07,9.52,9.77
2018-01-03,9.56,9.65,8.94,9.15
2018-01-04,9.01,9.31,8.92,9.22
2018-01-05,9.1,9.54,9.0,9.22
2018-01-08,9.61,9.89,9.32,9.52
2018-01-09,9.41,10.09,9.37,10.08
2018-01-10,10.11,10.85,9.82,9.82
2018-01-11,9.69,10.02,9.62,9.88
2018-01-12,9.74,10.31,9.54,10.16
2018-01-16,10.42,12.41,10.4,11.66
2018-01-17,11.35,12.8,11.18,11.91
2018-01-18,12.01,12.4,11.62,12.22
2018-01-19,12.3,12.33,11.17,11.27
2018-01-22,11.59,11.62,10.84,11.03
2018-01-23,10.77,11.57,10.76,11.1
2018-01-24,11.0,12.19,10.89,11.47
2018-01-25,11.27,12.01,11.2,11.58
2018-01-26,11.4,11.6,11.08,11.08
2018-01-29,11.71,13.84,11.68,13.84
2018-01-30,13.93,15.42,13.88,14.79
2018-01-31,14.23,14.44,13.41,13.54
2018-02-01,13.05,14.3,12.5,13.47
2018-02-02,13.64,17.86,13.64,17.31
2018-02-05,18.44,38.8,16.8,37.32
2018-02-06,37.32,50.3,22.42,29.98
2018-02-07,31.38,31.64,21.17,27.73
2018-02-08,27.29,36.17,24.41,33.46
2018-02-09,32.18,41.06,27.73,29.06
2018-02-12,27.25,29.7,24.42,25.61
2018-02-13,26.94,27.82,24.47,24.97
2018-02-14,23.48,25.72,18.99,19.26
2018-02-15,18.39,20.66,17.6,19.13
2018-02-16,18.74,20.99,17.44,19.46
2018-02-20,20.53,21.61,19.75,20.6
2018-02-21,20.76,21.04,16.97,20.02
2018-02-22,20.57,20.61,18.07,18.72
2018-02-23,17.96,18.8,16.47,16.49
2018-02-26,16.53,16.94,15.8,15.8
2018-02-27,15.83,18.98,15.29,18.59
2018-02-28,18.08,20.44,15.65,19.85
2018-03-01,19.96,25.3,19.57,22.47
2018-03-02,22.47,26.22,19.36,19.59
2018-03-05,21.55,21.57,17.94,18.73
2018-03-06,18.25,19.64,17.68,18.36
2018-03-07,20.11,20.49,17.52,17.76
2018-03-08,17.56,17.68,14.91,16.54
2018-03-09,16.41,16.75,13.31,14.64
2018-03-12,15.28,16.35,15.18,15.78
2018-03-13,15.7,16.98,15.03,16.35
2018-03-14,16.59,17.59,14.94,17.23
2018-03-15,16.99,17.41,15.96,16.59
2018-03-16,16.6,16.72,15.23,15.8
2018-03-19,16.63,21.87,16.56,19.02
2018-03-20,18.38,19.31,18.09,18.2
2018-03-21,17.76,18.37,16.26,17.86
2018-03-22,18.13,23.81,18.12,23.34
2018-03-23,24.02,26.01,21.63,24.87
2018-03-26,23.41,24.54,20.71,21.03
2018-03-27,20.33,24.06,19.84,22.5
2018-03-28,22.52,24.94,21.71,22.87
2018-03-29,22.87,23.05,19.6,19.97
2018-04-02,21.07,25.72,20.44,23.62
2018-04-03,23.03,23.38,20.92,21.1
2018-04-04,21.68,24.51,19.86,20.06
2018-04-05,19.76,20.21,18.57,18.94
2018-04-06,20.33,23.12,18.6,21.49
2018-04-09,21.27,22.02,20.34,21.77
2018-04-10,20.51,21.68,20.24,20.47
2018-04-11,20.95,21.66,19.64,20.24
2018-04-12,19.83,19.92,18.16,18.49
2018-04-13,18.27,18.45,17.26,17.41
2018-04-16,17.59,17.66,16.38,16.56
2018-04-17,16.16,16.27,14.57,15.25
2018-04-18,15.3,16.9,14.95,15.6
2018-04-19,15.55,16.92,15.16,15.96
2018-04-20,16.16,17.5,15.19,16.88
2018-04-23,17.29,17.56,15.79,16.34
2018-04-24,16.16,19.66,15.37,18.02
2018-04-25,18.14,19.84,17.75,17.84
2018-04-26,18.07,18.12,16.24,16.24
2018-04-27,16.22,16.77,15.25,15.41
2018-04-30,15.39,16.35,15.13,15.93
2018-05-01,15.78,16.82,15.42,15.49
2018-05-02,15.48,15.97,14.75,15.97
2018-05-03,15.78,18.66,15.43,15.9
2018-05-04,15.94,16.92,10.91,14.77
2018-05-07,15.32,15.52,14.51,14.75
2018-05-08,14.53,15.56,14.52,14.71
2018-05-09,14.54,14.63,13.38,13.42
2018-05-10,13.36,13.63,12.92,13.23
2018-05-11,13.22,13.44,12.65,12.65
2018-05-14,12.95,13.28,12.81,12.93
2018-05-15,13.13,15.01,12.5,14.63
2018-05-16,14.38,14.91,13.21,13.42
2018-05-17,13.54,13.86,12.65,13.43
2018-05-18,13.18,13.87,13.06,13.42
2018-05-21,13.44,13.59,12.78,13.08
2018-05-22,13.03,13.42,12.77,13.22
2018-05-23,13.5,14.6,12.49,12.58
2018-05-24,12.73,14.24,12.53,12.53
2018-05-25,12.44,13.52,12.29,13.22
2018-05-29,14.39,18.78,14.39,17.02
2018-05-30,16.6,16.64,14.65,14.94
2018-05-31,14.93,16.29,14.2,15.43
2018-06-01,14.92,14.93,13.37,13.46
2018-06-04,13.91,13.91,12.69,12.74
2018-06-05,12.91,13.34,12.3,12.4
2018-06-06,12.1,12.56,11.62,11.64
2018-06-07,11.66,13.28,11.22,12.13
2018-06-08,12.54,13.31,12.09,12.18
2018-06-11,12.52,12.69,12.14,12.35
2018-06-12,12.29,12.6,11.88,12.34
2018-06-13,12.13,12.95,11.98,12.94
2018-06-14,12.98,13.07,11.88,12.12
2018-06-15,12.19,13.16,11.93,11.98
2018-06-18,12.79,13.74,12.28,12.31
2018-06-19,14.61,14.68,13.21,13.35
2018-06-20,12.9,13.02,12.25,12.79
2018-06-21,12.54,15.18,12.18,14.64
2018-06-22,14.6,14.6,13.11,13.77
2018-06-25,15.07,19.61,14.56,17.33
2018-06-26,16.71,17.54,15.1,15.92
2018-06-27,16.52,18.19,14.76,17.91
2018-06-28,17.54,18.99,16.4,16.85
2018-06-29,15.73,16.51,14.66,16.09
2018-07-02,17.7,18.08,15.54,15.6
2018-07-03,15.37,16.45,14.68,16.14
2018-07-05,15.62,16.22,14.47,14.97
2018-07-06,14.99,15.45,13.34,13.37
2018-07-09,13.42,13.45,12.6,12.69
2018-07-10,12.52,13.21,11.93,12.64
2018-07-11,14.05,14.15,13.09,13.63
2018-07-12,13.07,13.33,12.42,12.58
2018-07-13,12.39,12.97,11.62,12.18
2018-07-16,12.46,12.97,12.13,12.83
2018-07-17,12.91,13.18,11.85,12.06
2018-07-18,11.87,12.47,11.44,12.1
2018-07-19,12.2,13.09,11.79,12.87
2018-07-20,13.0,13.58,12.49,12.86
2018-07-23,13.47,13.55,12.58,12.62
2018-07-24,12.61,13.21,11.66,12.41
2018-07-25,12.37,12.82,11.8,12.29
2018-07-26,12.45,12.53,11.78,12.14
2018-07-27,12.17,14.26,11.6,13.03
2018-07-30,13.63,14.46,12.98,14.26
2018-07-31,13.98,14.12,12.81,12.83
2018-08-01,13.09,13.63,12.45,13.15
2018-08-02,13.57,14.53,12.17,12.19
2018-08-03,12.43,12.46,11.07,11.64
2018-08-06,11.91,12.15,11.17,11.27
2018-08-07,11.12,11.24,10.52,10.93
2018-08-08,10.93,11.18,10.52,10.85
2018-08-09,10.94,11.31,10.17,11.27
2018-08-10,11.82,13.82,11.59,13.16
2018-08-13,14.5,15.02,12.95,14.78
2018-08-14,13.93,14.22,13.11,13.31
2018-08-15,13.52,16.86,13.44,14.64
2018-08-16,14.18,14.36,12.82,13.45
2018-08-17,13.18,13.96,12.4,12.64
2018-08-20,12.57,12.79,12.26,12.49
2018-08-21,12.47,12.89,12.09,12.86
2018-08-22,13.09,13.29,11.97,12.25
2018-08-23,12.03,12.68,11.65,12.41
2018-08-24,12.13,12.17,11.83,11.99
2018-08-27,12.37,12.48,12.02,12.16
2018-08-28,12.01,12.5,11.87,12.5
2018-08-29,12.34,12.55,12.09,12.25
2018-08-30,12.25,13.95,12.24,13.53
2018-08-31,13.54,14.03,12.82,12.86
2018-09-04,13.13,14.35,13.12,13.16
2018-09-05,13.69,14.3,13.23,13.91
2018-09-06,14.21,15.41,13.72,14.65
2018-09-07,14.72,15.63,14.31,14.88
2018-09-10,15.09,15.2,13.93,14.16
2018-09-11,13.96,14.92,13.21,13.22
2018-09-12,13.07,13.86,12.91,13.14
2018-09-13,12.91,12.91,12.3,12.37
2018-09-14,12.13,13.15,11.93,12.07
2018-09-17,12.72,13.75,12.32,13.68
2018-09-18,13.48,13.48,12.56,12.79
2018-09-19,12.61,12.77,11.66,11.75
2018-09-20,11.82,11.96,11.31,11.8
2018-09-21,11.76,12.03,11.1,11.68
2018-09-24,12.46,12.92,12.18,12.2
2018-09-25,12.28,12.6,11.8,12.42
2018-09-26,12.21,13.13,11.55,12.89
2018-09-27,12.77,13.0,11.94,12.41
2018-09-28,12.59,13.22,12.09,12.12
2018-10-01,11.99,12.4,11.57,12.0
2018-10-02,12.47,12.69,11.61,12.05
2018-10-03,11.66,12.14,11.34,11.61
2018-10-04,12.84,15.84,12.42,14.22
2018-10-05,14.29,17.36,11.72,14.82
2018-10-08,16.05,18.38,15.69,15.69
2018-10-09,16.12,17.49,15.27,15.95
2018-10-10,16.03,22.96,15.83,22.96
2018-10-11,23.07,28.84,20.65,24.98
2018-10-12,21.63,26.8,20.88,21.31
2018-10-15,21.97,22.89,19.47,21.3
2018-10-16,20.28,20.56,17.55,17.62
2018-10-17,17.06,19.55,17.06,17.4
2018-10-18,18.02,21.57,17.51,20.06
2018-10-19,19.24,21.08,18.39,19.89
2018-10-22,19.38,20.89,18.82,19.64
2018-10-23,22.18,24.66,20.18,20.71
2018-10-24,21.6,26.38,20.4,25.23
2018-10-25,24.78,24.78,22.06,24.22
2018-10-26,24.51,27.52,23.33,24.16
2018-10-29,24.48,27.86,22.01,24.7
2018-10-30,23.94,25.55,23.11,23.35
2018-10-31,22.72,22.8,20.39,21.23
2018-11-01,20.96,21.21,19.03,19.34
2018-11-02,18.52,21.61,18.05,19.51
2018-11-05,20.58,20.87,19.64,19.96
2018-11-06,19.84,20.6,19.69,19.91
2018-11-07,18.03,18.05,16.33,16.36
2018-11-08,16.18,17.2,16.09,16.72
2018-11-09,16.87,18.41,16.84,17.36
2018-11-12,17.26,20.71,17.25,20.45
2018-11-13,19.45,21.25,19.11,20.02
2018-11-14,20.52,22.36,19.3,21.25
2018-11-15,20.41,22.97,19.94,19.98
2018-11-16,20.04,21.36,18.1,18.14
2018-11-19,18.78,20.99,18.52,20.1
2018-11-20,20.76,23.81,20.37,22.48
2018-11-21,21.66,22.31,20.11,20.8
2018-11-23,21.23,22.65,20.65,21.52
2018-11-26,20.78,20.8,18.67,18.9
2018-11-27,19.57,19.78,18.7,19.02
2018-11-28,18.73,19.38,18.18,18.49
2018-11-29,19.22,20.48,18.62,18.79
2018-11-30,19.38,19.38,18.03,18.07
2018-12-03,16.04,17.28,15.94,16.44
2018-12-04,16.65,21.94,16.26,20.74
2018-12-06,24.66,25.94,20.94,21.19
2018-12-07,21.15,24.71,19.9,23.23
2018-12-10,23.62,25.94,22.5,22.64
2018-12-11,21.61,23.6,21.39,21.76
2018-12-12,21.0,21.62,20.5,21.46
2018-12-13,20.84,21.38,20.34,20.65
2018-12-14,21.47,22.47,20.95,21.63
2018-12-17,23.22,25.88,22.43,24.52
2018-12-18,24.28,26.14,23.69,25.58
2018-12-19,25.97,26.64,22.5,25.58
2018-12-20,26.03,30.3,25.35,28.38
2018-12-21,28.66,31.35,25.71,30.11
2018-12-24,31.21,36.1,31.02,36.07
2018-12-26,34.45,36.2,29.59,30.41
2018-12-27,32.24,33.8,29.66,29.96
2018-12-28,29.64,31.05,27.43,28.34
2018-12-31,27.19,27.29,25.33,25.42
2019-01-02,27.67,27.72,23.05,23.22
2019-01-03,24.67,26.57,24.05,25.45
2019-01-04,23.72,24.08,21.19,21.38
2019-01-07,22.11,22.27,20.91,21.4
2019-01-08,20.66,22.03,20.09,20.47
2019-01-09,20.13,22.8,19.48,19.98
2019-01-10,20.8,21.32,19.29,19.5
2019-01-11,20.02,20.16,18.12,18.19
2019-01-14,19.96,19.99,18.7,19.07
2019-01-15,19.03,19.05,17.98,18.6
2019-01-16,18.84,19.04,18.19,19.04
2019-01-17,19.29,19.36,17.85,18.06
2019-01-18,17.4,18.18,17.17,17.8
2019-01-22,18.65,21.15,18.43,20.8
2019-01-23,19.94,22.02,19.47,19.52
2019-01-24,19.98,20.25,18.63,18.89
2019-01-25,18.0,18.16,17.31,17.42
2019-01-28,19.38,20.42,18.87,18.87
2019-01-29,18.81,19.93,18.71,19.13
2019-01-30,18.9,19.31,17.54,17.66
2019-01-31,17.54,17.72,16.54,16.57
2019-02-01,16.37,16.73,16.08,16.14
2019-02-04,16.64,16.69,15.6,15.73
2019-02-05,15.77,15.94,15.04,15.57
2019-02-06,15.44,15.87,15.09,15.38
2019-02-07,15.66,17.89,15.51,16.37
2019-02-08,16.81,17.63,15.62,15.72
2019-02-11,16.17,16.5,15.34,15.97
2019-02-12,15.23,15.65,14.95,15.43
2019-02-13,15.46,15.91,15.0,15.65
2019-02-14,15.61,17.27,15.3,16.22
2019-02-15,16.82,16.82,14.79,14.91
2019-02-19,15.65,16.16,14.64,14.88
2019-02-20,14.92,15.19,13.99,14.02
2019-02-21,14.0,15.17,13.85,14.46
2019-02-22,14.46,14.47,13.51,13.51
2019-02-25,13.91,14.9,13.44,14.85
2019-02-26,15.16,15.28,14.52,15.17
2019-02-27,15.53,16.17,14.7,14.7
2019-02-28,15.17,15.24,14.39,14.7
2019-03-01,14.57,14.84,13.41,13.57
2019-03-04,14.57,16.98,13.38,14.63
2019-03-05,14.52,15.39,14.26,14.74
2019-03-06,14.91,16.11,14.74,15.74
2019-03-07,16.33,17.81,15.54,16.59
2019-03-08,17.38,18.33,16.02,16.05
2019-03-11,16.28,16.43,14.33,14.33
2019-03-12,13.97,14.7,13.61,13.77
2019-03-13,14.0,14.05,13.25,13.41
2019-03-14,13.35,13.84,13.16,13.5
2019-03-15,13.21,13.28,12.5,12.88
2019-03-18,13.13,13.8,13.0,13.1
2019-03-19,12.89,13.77,12.37,13.56
2019-03-20,13.54,14.3,13.05,13.91
2019-03-21,14.11,14.56,13.26,13.63
2019-03-22,13.77,17.52,13.62,16.48
2019-03-25,17.76,17.85,16.26,16.33
2019-03-26,16.22,16.3,14.67,14.68
2019-03-27,14.52,16.71,14.51,15.15
2019-03-28,15.38,15.62,14.41,14.43
2019-03-29,14.19,14.43,13.64,13.71
2019-04-01,13.9,14.01,13.32,13.4
2019-04-02,13.62,13.68,13.13,13.36
2019-04-03,13.06,14.27,12.85,13.74
2019-04-04,13.84,14.03,13.4,13.58
2019-04-05,13.46,13.47,12.17,12.82
2019-04-08,13.55,13.77,13.1,13.18
2019-04-09,13.46,14.39,13.31,14.28
2019-04-10,14.09,14.29,13.27,13.3
2019-04-11,13.37,13.58,12.91,13.02
2019-04-12,12.96,12.96,11.95,12.01
2019-04-15,12.46,13.14,12.24,12.32
2019-04-16,12.26,12.47,11.85,12.18
2019-04-17,12.12,13.02,11.03,12.6
2019-04-18,12.8,13.12,12.02,12.09
2019-04-22,13.21,13.36,12.38,12.42
2019-04-23,12.66,12.69,12.08,12.28
2019-04-24,12.53,13.23,12.26,13.14
2019-04-25,13.29,14.3,12.81,13.25
2019-04-26,13.44,13.62,12.49,12.73
2019-04-29,13.04,13.27,12.65,13.11
2019-04-30,13.11,14.05,12.88,13.12
2019-05-01,12.86,14.83,12.74,14.8
2019-05-02,14.35,15.92,13.8,14.42
2019-05-03,14.11,14.15,12.8,12.87
2019-05-06,12.89,18.8,12.89,15.44
2019-05-07,15.9,21.84,15.8,19.32
2019-05-08,18.95,21.74,18.29,19.4
2019-05-09,21.4,23.38,18.87,19.1
2019-05-10,18.79,20.19,15.57,16.04
2019-05-13,18.62,21.32,18.35,20.55
2019-05-14,19.4,19.65,17.45,18.06
2019-05-15,17.57,19.15,16.41,16.44
2019-05-16,16.69,17.13,15.16,15.29
2019-05-17,15.89,16.81,14.86,15.96
2019-05-20,15.88,17.63,15.46,16.31
2019-05-21,15.86,16.22,14.79,14.95
2019-05-22,15.06,15.44,14.42,14.75
2019-05-23,15.93,18.05,15.28,16.92
2019-05-24,16.34,16.52,15.52,15.85
2019-05-28,16.55,17.7,15.9,17.5
2019-05-29,18.55,19.04,17.62,17.9
2019-05-30,17.47,18.11,16.72,17.3
2019-05-31,19.05,19.72,18.01,18.71
2019-06-03,19.41,19.75,18.16,18.86
2019-06-04,18.74,18.74,16.97,16.97
2019-06-05,17.06,17.49,16.04,16.09
2019-06-06,16.25,16.54,15.36,15.93
2019-06-07,15.65,16.44,15.33,16.3
2019-06-10,16.3,16.47,15.84,15.94
2019-06-11,15.84,16.7,15.5,15.99
2019-06-12,16.26,16.43,15.78,15.91
2019-06-13,16.16,16.21,15.61,15.82
2019-06-14,16.0,16.4,15.21,15.28
2019-06-17,15.65,15.76,15.24,15.35
2019-06-18,14.89,15.54,14.62,15.15
2019-06-19,15.05,15.71,14.15,14.33
2019-06-20,14.04,16.03,13.19,14.75
2019-06-21,14.74,15.48,14.42,15.4
2019-06-24,15.46,15.56,15.23,15.26
2019-06-25,15.43,16.68,15.1,16.28
2019-06-26,16.1,16.6,15.47,16.21
2019-06-27,15.66,16.4,15.66,15.82
2019-06-28,15.7,16.13,15.08,15.08
2019-07-01,13.85,14.64,13.8,14.06
2019-07-02,14.16,14.3,12.9,12.93
2019-07-03,13.18,13.19,12.56,12.57
2019-07-05,13.0,14.47,12.04,13.28
2019-07-08,13.73,14.44,13.64,13.96
2019-07-09,14.47,14.71,13.99,14.09
2019-07-10,14.38,14.69,12.98,13.03
2019-07-11,13.01,13.33,12.39,12.93
2019-07-12,12.76,12.82,12.28,12.39
2019-07-15,12.58,13.02,12.49,12.68
2019-07-16,12.61,13.14,12.28,12.86
2019-07-17,12.62,13.97,12.24,13.97
2019-07-18,14.45,14.5,13.19,13.53
2019-07-19,13.31,14.45,13.09,14.45
2019-07-22,14.55,14.7,13.42,13.53
2019-07-23,13.42,13.52,12.55,12.61
2019-07-24,12.8,13.1,11.98,12.07
2019-07-25,12.24,13.54,11.69,12.74
2019-07-26,12.58,12.72,12.01,12.16
2019-07-29,12.15,13.17,12.15,12.83
2019-07-30,12.87,14.18,12.87,13.94
2019-07-31,13.83,16.55,13.46,16.12
2019-08-01,15.41,19.46,13.73,17.87
2019-08-02,17.69,20.11,17.04,17.61
2019-08-05,19.96,24.81,19.91,24.59
2019-08-06,22.29,22.87,19.77,20.17
2019-08-07,20.7,23.67,18.94,19.49
2019-08-08,19.36,19.89,16.82,16.91
2019-08-09,18.14,19.44,17.31,17.97
2019-08-12,17.87,21.26,17.77,21.09
2019-08-13,21.28,21.64,17.52,17.52
2019-08-14,17.81,22.71,17.75,22.1
2019-08-15,21.58,24.1,20.78,21.18
2019-08-16,20.48,20.5,18.41,18.47
2019-08-19,17.93,18.22,16.52,16.88
2019-08-20,16.78,17.7,16.45,17.5
2019-08-21,17.01,17.04,15.51,15.8
2019-08-22,16.12,17.68,15.63,16.68
2019-08-23,16.15,21.07,16.04,19.87
2019-08-26,20.34,21.33,19.06,19.32
2019-08-27,20.18,21.04,18.49,20.31
2019-08-28,20.55,21.64,19.1,19.35
2019-08-29,19.02,19.2,17.6,17.88
2019-08-30,17.94,19.18,17.09,18.98
2019-09-03,20.96,21.15,19.41,19.66
2019-09-04,18.23,18.83,17.26,17.33
2019-09-05,16.92,17.05,15.45,16.27
2019-09-06,15.92,16.06,14.91,15.0
2019-09-09,15.26,16.13,14.95,15.27
2019-09-10,15.53,16.52,15.11,15.2
2019-09-11,15.33,15.52,14.55,14.61
2019-09-12,14.69,14.94,13.85,14.22
2019-09-13,14.16,14.31,13.51,13.74
2019-09-16,14.89,15.29,14.5,14.67
2019-09-17,14.92,15.03,14.4,14.44
2019-09-18,14.61,15.8,13.8,13.95
2019-09-19,14.66,14.66,13.31,14.05
2019-09-20,13.94,15.84,13.35,15.32
2019-09-23,15.35,16.0,14.71,14.91
2019-09-24,14.77,17.62,14.33,17.05
2019-09-25,17.05,18.45,15.69,15.96
2019-09-26,16.23,17.09,15.35,16.07
2019-09-27,15.77,18.69,15.15,17.22
2019-09-30,17.23,17.35,16.2,16.24
2019-10-01,16.02,18.62,15.79,18.56
2019-10-02,18.75,21.46,18.75,20.56
2019-10-03,20.11,21.44,19.03,19.12
2019-10-04,19.42,19.97,16.97,17.04
2019-10-07,18.27,18.52,16.44,17.86
2019-10-08,17.61,20.38,17.42,20.28
2019-10-09,19.94,20.0,17.77,18.64
2019-10-10,19.28,19.8,17.56,17.57
2019-10-11,17.35,17.44,15.11,15.58
2019-10-14,15.66,16.5,14.51,14.57
2019-10-15,13.94,14.43,13.39,13.54
2019-10-16,13.94,14.26,13.6,13.68
2019-10-17,13.79,14.18,13.31,13.79
2019-10-18,14.2,15.16,13.78,14.25
2019-10-21,14.24,14.63,14.0,14.0
2019-10-22,13.99,14.61,13.7,14.46
2019-10-23,14.83,15.12,14.01,14.01
2019-10-24,13.98,14.34,13.4,13.71
2019-10-25,13.53,13.79,12.62,12.65
2019-10-28,13.01,13.14,12.66,13.11
2019-10-29,13.16,13.52,13.07,13.2
2019-10-30,13.23,13.77,12.27,12.33
2019-10-31,12.21,13.95,12.19,13.22
2019-11-01,12.99,13.12,12.25,12.3
2019-11-04,12.68,13.13,12.44,12.83
2019-11-05,12.85,13.28,12.25,13.1
2019-11-06,13.18,13.39,12.6,12.62
2019-11-07,12.59,12.89,12.26,12.73
2019-11-08,12.98,13.05,12.0,12.07
2019-11-11,13.15,13.49,12.66,12.69
2019-11-12,12.64,13.1,12.36,12.68
2019-11-13,12.91,13.9,12.88,13.0
2019-11-14,13.16,13.81,12.93,13.05
2019-11-15,12.95,12.97,11.92,12.05
2019-11-18,12.39,13.1,12.32,12.46
2019-11-19,12.33,13.01,12.16,12.86
2019-11-20,13.42,14.17,12.61,12.78
2019-11-21,13.35,13.86,12.49,13.13
2019-11-22,12.82,13.25,12.33,12.34
2019-11-25,12.51,12.59,11.73,11.87
2019-11-26,11.88,12.04,11.42,11.54
2019-11-27,11.55,11.79,11.44,11.75
2019-11-29,12.5,12.83,12.12,12.62
2019-12-02,12.69,15.27,12.55,14.91
2019-12-03,14.68,17.99,14.61,15.96
2019-12-04,16.38,16.4,14.12,14.8
2019-12-05,14.46,15.37,14.17,14.52
2019-12-06,14.37,14.47,13.19,13.62
2019-12-09,14.25,16.07,12.25,15.86
2019-12-10,15.8,16.9,14.93,15.68
2019-12-11,15.57,15.97,14.98,14.99
2019-12-12,14.94,15.55,13.6,13.94
2019-12-13,13.18,14.35,12.54,12.63
2019-12-16,12.47,12.53,11.71,12.14
2019-12-17,12.23,12.47,11.9,12.29
2019-12-18,12.24,12.7,11.93,12.58
2019-12-19,12.55,12.78,12.43,12.5
2019-12-20,12.55,12.61,12.04,12.51
2019-12-23,12.81,12.9,12.41,12.61
2019-12-24,12.65,12.84,12.56,12.67
2019-12-26,12.74,12.75,11.72,12.65
2019-12-27,12.61,13.72,11.89,13.43
2019-12-30,13.74,15.14,13.44,14.82
2019-12-31,14.84,15.39,13.75,13.78
2020-01-02,13.46,13.72,12.42,12.47
2020-01-03,15.01,16.2,13.13,14.02
2020-01-06,15.45,16.39,13.54,13.85
2020-01-07,13.84,14.46,13.39,13.79
2020-01-08,15.16,15.24,12.83,13.45
2020-01-09,12.95,13.24,12.53,12.54
2020-01-10,12.42,12.87,12.09,12.56
2020-01-13,12.84,13.09,12.32,12.32
2020-01-14,12.72,13.82,12.05,12.39
2020-01-15,12.79,12.83,11.95,12.42
2020-01-16,12.2,12.42,11.78,12.32
2020-01-17,12.21,12.48,11.75,12.1
2020-01-21,13.23,13.33,12.32,12.85
2020-01-22,12.45,13.01,12.31,12.91
2020-01-23,13.26,14.15,12.94,12.98
2020-01-24,12.75,15.98,12.62,14.56
2020-01-27,17.42,19.02,16.82,18.23
2020-01-28,16.94,18.03,15.69,16.28
2020-01-29,15.68,16.65,14.94,16.39
2020-01-30,17.82,18.39,15.3,15.49
2020-01-31,16.25,19.99,16.18,18.84
2020-02-03,18.64,18.88,17.1,17.97
2020-02-04,16.45,16.46,15.63,16.05
2020-02-05,16.29,16.32,15.02,15.15
2020-02-06,15.13,15.66,14.7,14.96
2020-02-07,15.07,16.16,14.81,15.47
2020-02-10,15.88,16.43,15.01,15.04
2020-02-11,14.91,15.27,14.38,15.18
2020-02-12,14.86,14.88,13.73,13.74
2020-02-13,14.43,15.44,14.0,14.15
2020-02-14,14.12,14.54,13.38,13.68
2020-02-18,14.98,15.49,14.53,14.83
2020-02-19,14.66,14.74,14.21,14.38
2020-02-20,14.54,17.21,14.49,15.56
2020-02-21,17.33,18.21,16.19,17.08
2020-02-24,22.25,26.35,22.0,25.03
2020-02-25,22.19,30.25,22.19,27.85
2020-02-26,26.63,29.57,24.76,27.56
2020-02-27,28.95,39.31,27.79,39.16
2020-02-28,42.02,49.48,39.37,40.11
2020-03-02,34.86,43.77,31.5,33.42
2020-03-03,33.64,41.06,24.93,36.82
2020-03-04,34.44,35.58,30.3,31.99
2020-03-05,33.61,42.84,33.54,39.62
2020-03-06,41.46,54.39,40.84,41.94
2020-03-09,41.94,62.12,41.94,54.46
2020-03-10,49.68,55.66,43.56,47.3
2020-03-11,52.24,55.82,49.98,53.9
2020-03-12,61.46,76.83,59.91,75.47
2020-03-13,71.31,77.57,55.17,57.83
2020-03-16,57.83,83.56,57.83,82.69
2020-03-17,82.69,84.83,70.37,75.91
2020-03-18,69.37,85.47,69.37,76.45
2020-03-19,80.62,84.26,68.57,72.0
2020-03-20,67.86,69.51,57.42,66.04
2020-03-23,74.08,76.74,60.46,61.59
2020-03-24,58.76,61.88,36.24,61.67
2020-03-25,61.44,68.86,58.03,63.95
2020-03-26,65.67,67.06,57.66,61.0
2020-03-27,64.95,69.1,61.8,65.54
2020-03-30,66.3,67.69,56.6,57.08
2020-03-31,56.69,58.75,50.88,53.54
2020-04-01,57.38,60.59,52.76,57.06
2020-04-02,54.46,57.24,50.45,50.91
2020-04-03,51.11,52.29,46.74,46.8
2020-04-06,44.17,45.73,43.45,45.24
2020-04-07,44.83,47.51,43.51,46.7
2020-04-08,45.9,47.28,42.53,43.35
2020-04-09,43.0,45.73,41.39,41.67
2020-04-13,44.6,45.04,41.17,41.17
2020-04-14,40.24,40.57,37.31,37.76
2020-04-15,39.4,43.23,39.34,40.84
2020-04-16,41.92,43.02,39.87,40.11
2020-04-17,39.5,40.26,37.63,38.15
2020-04-20,40.68,43.83,39.88,43.83
2020-04-21,44.28,47.77,43.77,45.41
2020-04-22,44.91,45.07,41.41,41.98
2020-04-23,41.3,42.47,39.06,41.38
2020-04-24,41.91,42.08,35.6,35.93
2020-04-27,36.29,36.44,32.51,33.29
2020-04-28,33.21,35.39,30.54,33.57
2020-04-29,32.48,33.19,30.71,31.23
2020-04-30,30.99,35.94,30.93,34.15
2020-05-01,38.17,39.57,36.59,37.19
2020-05-04,39.13,40.32,35.53,35.97
2020-05-05,34.82,36.22,31.95,33.61
2020-05-06,32.69,35.69,31.68,34.12
2020-05-07,32.12,32.28,30.37,31.44
2020-05-08,30.14,30.39,27.89,27.98
2020-05-11,28.46,31.46,26.97,27.57
2020-05-12,28.47,33.04,26.0,33.04
2020-05-13,32.74,37.42,30.77,35.28
2020-05-14,35.16,39.28,32.33,32.61
2020-05-15,32.5,35.13,31.04,31.89
2020-05-18,30.71,31.08,28.35,29.3
2020-05-19,28.73,30.74,28.37,30.53
2020-05-20,29.52,29.83,27.83,27.99
2020-05-21,28.97,30.2,27.67,29.53
2020-05-22,31.36,31.55,28.03,28.16
2020-05-26,27.72,28.58,27.18,28.01
2020-05-27,27.62,30.53,25.92,27.62
2020-05-28,27.82,29.89,27.43,28.59
2020-05-29,29.3,30.16,27.29,27.51
2020-06-01,28.94,30.6,28.11,28.23
2020-06-02,28.4,28.52,26.66,26.84
2020-06-03,26.75,26.98,25.04,25.66
2020-06-04,26.23,26.43,24.38,25.81
2020-06-05,24.79,25.09,23.54,24.52
2020-06-08,25.56,25.98,24.65,25.81
2020-06-09,25.93,27.7,25.71,27.57
2020-06-10,26.73,29.01,26.06,27.57
2020-06-11,30.45,42.58,29.49,40.79
2020-06-12,37.68,44.16,34.97,36.09
2020-06-15,44.09,44.44,34.28,34.4
2020-06-16,34.28,37.45,31.73,33.67
2020-06-17,33.28,35.17,32.25,33.47
2020-06-18,33.83,36.25,32.24,32.94
2020-06-19,32.07,35.12,30.4,35.12
2020-06-22,35.22,35.39,31.64,31.77
2020-06-23,31.71,31.71,29.26,31.37
2020-06-24,31.05,37.12,30.95,33.84
2020-06-25,36.59,36.93,31.59,32.22
2020-06-26,33.01,36.25,31.04,34.73
2020-06-29,35.05,36.31,31.78,31.78
2020-06-30,32.54,32.94,29.56,30.43
2020-07-01,30.96,31.76,28.2,28.62
2020-07-02,28.33,28.44,25.9,27.68
2020-07-06,27.76,28.33,24.92,27.94
2020-07-07,28.77,29.63,27.25,29.43
2020-07-08,28.95,30.2,27.24,28.08
2020-07-09,28.18,31.48,26.11,29.26
2020-07-10,30.86,30.91,27.13,27.29
2020-07-13,27.85,32.45,26.87,32.19
2020-07-14,31.14,33.67,29.21,29.52
2020-07-15,29.15,30.09,27.17,27.76
2020-07-16,28.41,29.29,26.98,28.0
2020-07-17,27.15,27.54,25.41,25.68
2020-07-20,26.94,27.08,24.35,24.46
2020-07-21,24.08,25.65,23.61,24.84
2020-07-22,24.56,26.26,24.13,24.32
2020-07-23,23.97,26.95,23.6,26.08
2020-07-24,27.96,28.58,25.53,25.84
2020-07-27,26.6,26.94,24.55,24.74
2020-07-28,24.86,25.85,24.05,25.44
2020-07-29,25.16,25.42,23.73,24.1
2020-07-30,25.04,28.29,24.64,24.76
2020-07-31,24.79,26.41,23.55,24.46
2020-08-03,25.75,26.01,22.17,24.28
2020-08-04,24.01,24.76,22.92,23.76
2020-08-05,23.44,23.61,22.86,22.99
2020-08-06,23.03,24.11,20.97,22.65
2020-08-07,23.45,24.02,22.02,22.21
2020-08-10,22.88,23.52,21.46,22.13
2020-08-11,21.85,24.93,20.28,24.03
2020-08-12,22.82,22.88,21.54,22.28
2020-08-13,22.2,22.92,21.45,22.13
2020-08-14,22.27,23.55,21.79,22.05
2020-08-17,22.52,22.82,21.34,21.35
2020-08-18,21.69,22.55,21.18,21.51
2020-08-19,21.6,22.98,20.99,22.54
2020-08-20,24.1,24.6,22.37,22.72
2020-08-21,22.58,24.47,22.06,22.54
2020-08-24,22.87,23.18,21.25,22.37
2020-08-25,22.16,23.43,21.53,22.03
2020-08-26,22.14,23.27,20.92,23.27
2020-08-27,23.42,27.09,21.44,24.47
2020-08-28,24.59,26.3,22.64,22.96
2020-08-31,23.91,26.5,21.77,26.41
2020-09-01,25.86,26.59,25.02,26.12
2020-09-02,26.01,27.07,25.53,26.57
2020-09-03,26.28,35.94,25.66,33.6
2020-09-04,34.62,38.28,29.5,30.75
2020-09-08,30.61,35.93,30.52,31.46
2020-09-09,31.68,31.78,28.12,28.81
2020-09-10,28.67,30.56,27.59,29.71
2020-09-11,28.63,29.73,26.51,26.87
2020-09-14,25.86,26.79,25.38,25.85
2020-09-15,25.92,26.0,24.92,25.59
2020-09-16,25.31,26.59,24.84,26.04
2020-09-17,28.22,28.92,26.26,26.46
2020-09-18,26.65,28.1,25.28,25.83
2020-09-21,28.04,31.18,27.39,27.78
2020-09-22,28.61,28.78,26.48,26.86
2020-09-23,27.02,29.73,25.19,28.58
2020-09-24,29.54,30.49,27.94,28.51
2020-09-25,28.17,30.43,26.02,26.38
2020-09-28,27.15,27.19,24.9,26.19
2020-09-29,26.81,27.43,25.98,26.27
2020-09-30,26.69,27.12,25.06,26.37
2020-10-01,25.78,27.11,25.33,26.7
2020-10-02,28.87,29.9,26.93,27.63
2020-10-05,29.52,29.69,27.27,27.96
2020-10-06,28.05,30.0,26.01,29.48
2020-10-07,29.26,29.76,27.94,28.06
2020-10-08,27.65,27.99,24.88,26.36
2020-10-09,26.2,26.22,24.03,25.0
2020-10-12,25.65,25.65,24.14,25.07
2020-10-13,25.67,26.93,25.16,26.07
2020-10-14,25.72,27.23,25.53,26.4
2020-10-15,27.1,29.06,26.82,26.97
2020-10-16,27.16,27.46,26.19,27.41
2020-10-19,27.36,29.69,27.04,29.18
2020-10-20,28.81,29.6,28.29,29.35
2020-10-21,29.12,30.55,28.37,28.65
2020-10-22,30.1,30.12,27.68,28.11
2020-10-23,28.47,28.67,27.26,27.55
2020-10-26,29.38,33.68,29.22,32.46
2020-10-27,32.04,33.77,31.85,33.35
2020-10-28,34.69,40.77,34.68,40.28
2020-10-29,38.8,41.16,35.63,37.59
2020-10-30,40.81,41.09,36.5,38.02
2020-11-02,38.57,38.78,36.13,37.13
2020-11-03,36.44,36.44,34.19,35.55
2020-11-04,36.79,36.85,28.03,29.57
2020-11-05,27.56,28.14,26.04,27.58
2020-11-06,27.87,29.44,24.56,24.86
2020-11-09,24.8,25.82,22.41,25.75
2020-11-10,25.36,26.77,24.35,24.8
2020-11-11,25.01,25.12,22.57,23.45
2020-11-12,24.39,27.27,23.53,25.35
2020-11-13,24.94,25.03,22.74,23.1
2020-11-16,23.66,24.08,22.43,22.45
2020-11-17,22.84,24.09,22.34,22.71
2020-11-18,22.86,23.92,21.66,23.84
2020-11-19,23.62,24.52,22.56,23.11
2020-11-20,23.43,23.73,22.13,23.7
2020-11-23,23.66,23.96,22.45,22.66
2020-11-24,22.04,22.48,20.8,21.64
2020-11-25,21.65,22.5,21.13,21.25
2020-11-27,21.52,21.6,19.51,20.84
2020-11-30,22.64,22.89,20.48,20.57
2020-12-01,20.21,20.92,20.0,20.77
2020-12-02,21.0,21.25,20.04,21.17
2020-12-03,21.24,21.88,20.72,21.28
2020-12-04,21.05,21.15,19.97,20.79
2020-12-07,22.04,22.62,21.17,21.3
2020-12-08,21.65,22.25,20.52,20.68
2020-12-09,20.66,22.93,20.1,22.27
2020-12-10,22.12,23.46,21.53,22.52
2020-12-11,22.49,25.14,22.48,23.31
2020-12-14,22.67,24.82,21.95,24.72
2020-12-15,24.0,24.07,22.73,22.89
2020-12-16,22.51,23.67,22.29,22.5
2020-12-17,21.98,22.27,21.52,21.93
2020-12-18,22.15,23.77,21.57,21.57
2020-12-21,24.25,31.46,24.23,25.16
2020-12-22,25.24,25.56,23.53,24.23
2020-12-23,23.49,23.68,22.13,23.31
2020-12-24,22.47,22.83,21.39,21.53
2020-12-28,22.11,22.12,21.15,21.7
2020-12-29,21.61,23.72,20.99,23.08
2020-12-30,22.58,23.15,22.41,22.77
2020-12-31,22.99,23.25,21.24,22.75
2021-01-04,23.04,29.19,22.56,26.97
2021-01-05,26.94,28.6,24.8,25.34
2021-01-06,25.48,26.77,22.14,25.07
2021-01-07,23.67,23.91,22.25,22.37
2021-01-08,22.43,23.34,21.42,21.56
2021-01-11,23.31,24.81,23.23,24.08
2021-01-12,23.49,25.15,22.83,23.33
2021-01-13,23.07,24.18,21.92,22.21
2021-01-14,22.22,23.47,21.66,23.25
2021-01-15,23.52,25.8,23.08,24.34
2021-01-19,23.03,23.56,22.53,23.24
2021-01-20,22.82,22.86,21.37,21.58
2021-01-21,21.34,22.22,21.09,21.32
2021-01-22,22.24,23.73,21.27,21.91
2021-01-25,22.31,26.63,22.2,23.19
2021-01-26,23.91,23.94,22.55,23.02
2021-01-27,23.82,37.21,23.71,37.21
2021-01-28,33.25,36.29,27.39,30.21
2021-01-29,35.16,37.51,29.24,33.09
2021-02-01,31.45,33.96,29.03,30.24
2021-02-02,28.01,28.08,25.31,25.56
2021-02-03,24.59,25.43,22.91,22.91
2021-02-04,23.44,23.44,21.68,21.77
2021-02-05,21.99,22.16,20.86,20.87
2021-02-08,21.89,22.07,21.23,21.24
2021-02-09,21.57,22.26,20.65,21.63
2021-02-10,21.64,23.85,19.69,21.99
2021-02-11,22.09,23.25,21.11,21.25
2021-02-12,21.6,22.45,19.95,19.97
2021-02-16,21.13,22.46,20.88,21.46
2021-02-17,22.02,23.44,21.09,21.5
2021-02-18,21.98,24.23,21.8,22.49
2021-02-19,23.1,23.19,20.84,22.05
2021-02-22,24.46,25.09,21.96,23.45
2021-02-23,22.82,27.01,22.5,23.11
2021-02-24,23.76,25.04,21.31,21.34
2021-02-25,21.73,31.16,21.52,28.89
2021-02-26,28.73,30.82,25.23,27.95
2021-03-01,25.2,25.39,23.17,23.35
2021-03-02,23.58,24.6,22.8,24.1
2021-03-03,22.8,26.79,22.45,26.67
2021-03-04,26.52,31.9,24.93,28.57
2021-03-05,29.48,30.03,24.33,24.66
2021-03-08,27.61,28.39,24.07,25.47
2021-03-09,25.11,25.25,22.9,24.03
2021-03-10,23.76,23.87,22.38,22.56
2021-03-11,22.5,22.5,21.45,21.91
2021-03-12,22.57,22.99,20.63,20.69
2021-03-15,21.84,21.86,19.87,20.03
2021-03-16,20.14,20.31,19.33,19.79
2021-03-17,20.1,20.95,19.18,19.23
2021-03-18,18.95,22.6,18.95,21.58
2021-03-19,21.43,23.17,19.9,20.95
2021-03-22,21.91,22.29,18.87,18.88
2021-03-23,19.46,21.58,18.8,20.3
2021-03-24,20.64,21.49,19.3,21.2
2021-03-25,20.8,23.55,19.81,19.81
2021-03-26,19.32,21.49,18.68,18.86
2021-03-29,20.4,21.6,19.42,20.74
2021-03-30,20.76,21.75,19.47,19.61
2021-03-31,19.8,20.11,18.85,19.4
2021-04-01,18.6,18.64,17.29,17.33
2021-04-02,,,,
2021-04-05,18.16,18.4,17.35,17.91
2021-04-06,18.07,18.3,17.37,18.12
2021-04-07,17.99,18.17,16.87,17.16
2021-04-08,16.92,17.36,16.55,16.95
2021-04-09,17.05,17.34,16.2,16.69
2021-04-12,17.43,17.91,16.81,16.91
2021-04-13,16.99,17.86,16.43,16.65
2021-04-14,16.71,17.69,15.38,16.99
2021-04-15,16.78,16.92,15.94,16.57
2021-04-16,16.65,16.88,16.05,16.25
2021-04-19,17.04,18.61,16.78,17.29
2021-04-20,17.36,19.7,17.24,18.68
2021-04-21,18.48,19.29,16.91,17.5
2021-04-22,17.28,19.9,16.99,18.71
2021-04-23,18.56,18.78,16.8,17.33
2021-04-26,17.94,18.17,16.87,17.64
2021-04-27,17.62,18.16,16.97,17.56
2021-04-28,17.47,17.84,16.67,17.28
2021-04-29,16.88,18.87,16.77,17.61
2021-04-30,17.67,19.25,17.64,18.61
2021-05-03,18.65,19.12,17.8,18.31
2021-05-04,18.16,21.85,18.11,19.48
2021-05-05,18.84,19.58,17.89,19.15
2021-05-06,18.41,20.6,18.21,18.39
2021-05-07,18.45,18.57,16.68,16.69
2021-05-10,17.34,19.75,17.07,19.66
2021-05-11,21.17,23.73,20.71,21.84
2021-05-12,22.42,28.38,21.66,27.59
2021-05-13,26.03,28.93,22.23,23.13
2021-05-14,21.77,22.1,18.66,18.81
2021-05-17,19.89,21.58,19.67,19.72
2021-05-18,18.89,21.45,18.81,21.34
2021-05-19,22.46,25.96,21.88,22.18
2021-05-20,22.33,23.5,20.19,20.67
2021-05-21,20.42,20.89,19.53,20.15
2021-05-24,20.5,20.51,18.38,18.4
2021-05-25,18.35,19.29,16.87,18.84
2021-05-26,18.37,18.92,17.35,17.36
2021-05-27,18.03,18.17,16.52,16.74
2021-05-28,16.8,16.86,15.9,16.76
2021-06-01,17.24,18.53,15.68,17.9
2021-06-02,17.86,18.31,16.74,17.48
2021-06-03,17.73,19.27,17.45,18.04
2021-06-04,18.09,18.42,16.18,16.42
2021-06-07,17.34,17.35,15.78,16.42
2021-06-08,16.58,17.75,15.15,17.07
2021-06-09,17.18,17.96,15.55,17.89
2021-06-10,18.18,18.29,16.01,16.1
2021-06-11,16.18,16.2,15.15,15.65
2021-06-14,16.04,17.04,15.04,16.39
2021-06-15,16.27,17.35,16.14,17.02
2021-06-16,16.99,19.11,16.42,18.15
2021-06-17,18.49,19.22,16.71,17.75
2021-06-18,16.96,21.04,16.92,20.7
2021-06-21,21.74,21.82,17.81,17.89
2021-06-22,17.91,18.32,15.76,16.66
2021-06-23,16.25,16.84,14.86,16.32
2021-06-24,15.99,16.05,14.19,15.97
2021-06-25,16.04,16.17,15.21,15.62
2021-06-28,16.07,16.46,15.39,15.76
2021-06-29,15.69,16.31,14.1,16.02
2021-06-30,16.18,17.31,15.58,15.83
2021-07-01,15.62,16.01,15.31,15.48
2021-07-02,15.53,15.54,14.25,15.07
2021-07-06,15.77,17.94,15.73,16.44
2021-07-07,16.43,17.64,16.08,16.2
2021-07-08,17.74,21.29,17.74,19.0
2021-07-09,17.88,18.13,16.08,16.18
2021-07-12,16.85,17.52,16.14,16.17
2021-07-13,16.39,17.23,15.94,17.12
2021-07-14,17.34,17.51,15.95,16.33
2021-07-15,16.7,18.09,16.56,17.01
2021-07-16,16.8,18.7,16.03,18.45
2021-07-19,19.61,25.09,19.27,22.5
2021-07-20,20.89,22.97,19.37,19.73
2021-07-21,19.73,19.82,17.81,17.91
2021-07-22,17.59,18.45,17.4,17.69
2021-07-23,16.98,17.48,16.33,17.2
2021-07-25,,,,
2021-07-26,18.67,19.39,17.53,17.58
2021-07-27,18.62,20.44,18.25,19.36
2021-07-28,19.41,19.62,17.52,18.31
2021-07-29,17.91,18.01,17.19,17.7
2021-07-30,19.69,19.72,17.53,18.24
2021-08-02,18.16,19.87,17.99,19.46
2021-08-03,19.17,20.44,17.7,18.04
2021-08-04,18.23,18.9,17.67,17.97
2021-08-05,17.73,17.84,17.23,17.28
2021-08-06,17.46,17.5,16.14,16.15
2021-08-09,17.12,17.39,16.59,16.72
2021-08-10,16.82,17.05,16.34,16.79
2021-08-11,16.81,17.09,15.87,16.06
2021-08-12,16.33,16.42,15.49,15.59
2021-08-13,15.68,15.72,15.19,15.45
2021-08-16,17.05,17.71,16.02,16.12
2021-08-17,17.31,19.56,16.71,17.91
2021-08-18,17.56,21.64,17.31,21.57
2021-08-19,23.12,24.74,20.37,21.67
2021-08-20,22.74,23.9,18.18,18.56
2021-08-23,18.83,18.95,16.95,17.15
2021-08-24,16.96,17.51,16.94,17.22
2021-08-25,17.42,17.5,16.46,16.79
2021-08-26,17.46,19.27,17.16,18.84
2021-08-27,17.95,18.22,16.11,16.39
2021-08-30,16.77,16.8,15.98,16.19
2021-08-31,15.98,17.07,15.91,16.48
2021-09-01,16.06,16.71,15.68,16.11
2021-09-02,16.27,16.98,15.73,16.41
2021-09-03,16.27,17.06,16.08,16.41
2021-09-07,16.94,18.39,16.89,18.14
2021-09-08,18.97,19.64,17.78,17.96
2021-09-09,19.44,19.54,17.17,18.8
2021-09-10,17.94,21.13,16.99,20.95
2021-09-13,19.64,21.18,18.76,19.37
2021-09-14,19.58,20.47,18.39,19.46
2021-09-15,19.3,20.27,18.01,18.18
2021-09-16,18.41,19.76,17.65,18.69
2021-09-17,18.37,21.51,18.35,20.81
2021-09-20,24.25,28.79,23.9,25.71
2021-09-21,23.41,25.6,21.71,24.36
2021-09-22,22.72,23.4,20.75,20.87
2021-09-23,19.91,20.21,18.42,18.63
2021-09-24,19.33,20.41,17.63,17.75
2021-09-27,17.78,19.32,17.74,18.76
2021-09-28,19.74,24.82,19.71,23.25
2021-09-29,22.07,23.79,21.45,22.56
2021-09-30,21.48,24.71,20.6,23.14
2021-10-01,24.78,24.89,20.64,21.15
2021-10-04,22.9,24.58,21.88,22.96
2021-10-05,22.92,23.17,20.62,21.3
2021-10-06,22.95,24.4,20.99,21.0
2021-10-07,20.54,20.76,19.07,19.54
2021-10-08,19.46,19.94,18.2,18.77
2021-10-11,19.93,20.45,18.11,20.0
2021-10-12,20.62,20.81,18.97,19.85
2021-10-13,20.14,20.23,18.44,18.64
2021-10-14,18.01,18.08,16.8,16.86
2021-10-15,16.64,16.85,15.72,16.3
2021-10-18,17.29,17.93,16.27,16.31
2021-10-19,16.09,16.31,15.57,15.7
2021-10-20,15.82,15.89,15.29,15.49
2021-10-21,16.06,16.11,14.92,15.01
2021-10-22,15.35,16.39,14.84,15.43
2021-10-25,16.14,16.33,15.1,15.24
2021-10-26,15.02,16.71,14.9,15.98
2021-10-27,15.79,17.29,15.54,16.98
2021-10-28,17.06,17.16,16.23,16.53
2021-10-29,17.4,18.06,16.13,16.26
2021-11-01,16.85,17.7,16.32,16.41
2021-11-02,16.54,16.65,15.89,16.03
2021-11-03,16.11,16.39,14.9,15.1
2021-11-04,15.06,16.14,14.73,15.44
2021-11-05,15.59,17.02,14.95,16.48
2021-11-08,17.23,17.69,16.44,17.22
2021-11-09,17.43,18.57,17.21,17.78
2021-11-10,17.74,19.9,17.22,18.73
2021-11-11,18.34,18.39,17.27,17.66
2021-11-12,17.49,17.69,16.15,16.29
2021-11-15,17.03,17.46,16.49,16.49
2021-11-16,16.86,17.08,16.03,16.37
2021-11-17,16.36,17.19,16.28,17.11
2021-11-18,16.81,18.15,16.38,17.59
2021-11-19,17.36,19.01,17.23,17.91
2021-11-22,18.2,19.59,17.35,19.17
2021-11-23,20.24,20.91,19.03,19.38
2021-11-24,19.17,20.96,18.52,18.58
2021-11-26,26.62,28.99,23.88,28.62
2021-11-29,25.31,25.69,21.71,22.96
2021-11-30,26.23,28.56,23.71,27.19
2021-12-01,24.92,32.61,22.38,31.12
2021-12-02,29.44,30.68,27.15,27.95
2021-12-03,26.95,35.32,25.89,30.67
2021-12-06,28.99,30.82,26.75,27.18
2021-12-07,24.58,24.69,21.58,21.89
2021-12-08,21.74,23.11,19.85,19.9
2021-12-09,20.31,22.12,19.94,21.58
2021-12-10,21.27,21.3,18.69,18.69
2021-12-13,19.29,21.18,18.96,20.31
2021-12-14,19.67,23.0,19.67,21.89
2021-12-15,21.6,23.47,19.02,19.29
2021-12-16,18.56,22.13,18.19,20.57
2021-12-17,20.7,23.26,20.49,21.57
2021-12-20,25.89,27.39,22.85,22.87
2021-12-21,22.28,22.68,20.9,21.01
2021-12-22,21.04,21.36,18.59,18.63
2021-12-23,18.81,18.93,17.62,17.96
2021-12-24,,,,
2021-12-27,19.37,19.41,17.55,17.68
2021-12-28,17.78,18.47,17.51,17.54
2021-12-29,17.63,18.0,16.71,16.95
2021-12-30,17.3,17.79,16.62,17.33
2021-12-31,17.63,18.27,16.99,17.22
2022-01-03,17.6,18.54,16.56,16.6
2022-01-04,16.57,17.81,16.34,16.91
2022-01-05,17.07,20.17,16.58,19.73
2022-01-06,20.29,21.06,19.08,19.61
2022-01-07,19.85,20.8,18.57,18.76
2022-01-10,19.58,23.33,19.29,19.4
2022-01-11,19.62,21.0,18.2,18.41
2022-01-12,18.17,18.69,17.36,17.62
2022-01-13,18.06,20.61,17.45,20.31
2022-01-14,20.11,22.07,19.05,19.19
2022-01-18,21.18,23.2,21.18,22.79
2022-01-19,23.12,23.99,21.85,23.85
2022-01-20,23.46,25.89,21.68,25.59
2022-01-21,25.38,29.79,25.31,28.85
2022-01-24,28.2,38.94,28.02,29.9
2022-01-25,32.29,35.85,29.13,31.16
2022-01-26,29.35,33.04,26.9,31.96
2022-01-27,32.19,33.0,28.42,30.49
2022-01-28,30.27,32.82,27.28,27.66
2022-01-31,28.36,29.41,24.71,24.83
2022-02-01,24.57,25.33,21.96,21.96
2022-02-02,21.56,22.73,20.46,22.09
2022-02-03,22.63,25.81,22.3,24.35
2022-02-04,23.77,26.26,22.07,23.22
2022-02-07,24.09,24.82,22.02,22.86
2022-02-08,23.09,23.48,21.32,21.44
2022-02-09,21.27,21.3,19.93,19.96
2022-02-10,20.37,24.77,20.18,23.91
2022-02-11,24.39,30.99,23.33,27.36
2022-02-14,29.17,32.04,28.33,28.33
2022-02-15,28.09,28.09,25.33,25.7
2022-02-16,25.19,27.09,23.88,24.29
2022-02-17,24.83,28.37,24.76,28.11
2022-02-18,26.66,29.71,26.38,27.75
2022-02-22,31.8,32.04,28.4,28.81
2022-02-23,28.04,31.07,27.2,31.02
2022-02-24,37.5,37.79,29.45,30.32
2022-02-25,31.68,32.0,26.93,27.59
2022-02-28,32.44,33.51,28.43,30.15
2022-03-01,29.45,35.19,29.44,33.32
2022-03-02,34.2,34.41,30.12,30.74
2022-03-03,30.52,32.01,29.31,30.48
2022-03-04,31.9,34.65,31.47,31.98
2022-03-07,35.88,36.55,32.59,36.45
2022-03-08,36.19,37.52,32.78,35.13
2022-03-09,33.74,34.12,31.39,32.45
2022-03-10,33.03,34.03,30.23,30.23
2022-03-11,30.43,31.04,28.84,30.75
2022-03-14,31.03,33.18,30.06,31.77
2022-03-15,33.13,33.83,29.57,29.83
2022-03-16,29.02,29.8,26.29,26.67
2022-03-17,26.51,27.47,25.25,25.67
2022-03-18,26.36,26.82,23.85,23.87
2022-03-21,25.14,25.36,22.99,23.53
2022-03-22,24.02,24.02,22.7,22.94
2022-03-23,23.04,24.03,22.64,23.57
2022-03-24,23.61,23.79,21.49,21.67
2022-03-25,21.87,22.86,20.8,20.81
2022-03-28,22.14,23.33,19.54,19.63
2022-03-29,19.7,19.73,18.67,18.9
2022-03-30,19.38,20.51,18.72,19.33
2022-03-31,19.68,21.48,19.54,20.56
2022-04-01,20.62,20.86,19.41,19.63
2022-04-04,20.75,20.78,18.45,18.57
2022-04-05,18.79,21.57,18.55,21.03
2022-04-06,21.27,24.78,21.24,22.1
2022-04-07,21.97,23.82,21.12,21.55
2022-04-08,21.25,22.34,20.28,21.16
2022-04-11,23.09,24.42,22.09,24.37
2022-04-12,24.94,25.38,22.27,24.26
2022-04-13,23.52,24.45,21.37,21.82
2022-04-14,21.72,22.7,20.85,22.7
2022-04-18,24.52,24.6,21.98,22.17
2022-04-19,22.55,22.92,20.36,21.37
2022-04-20,21.13,21.32,19.75,20.32
2022-04-21,20.24,23.28,19.81,22.68
2022-04-22,22.71,28.27,22.62,28.21
2022-04-25,30.04,31.6,26.8,27.02
2022-04-26,27.38,33.81,27.06,33.52
2022-04-27,31.11,32.77,29.82,31.6
2022-04-28,29.91,32.0,28.0,29.99
2022-04-29,28.97,34.34,28.54,33.4
2022-05-02,33.35,36.64,31.74,32.34
2022-05-03,31.76,32.82,29.06,29.25
2022-05-04,29.12,29.42,24.94,25.42
2022-05-05,25.97,33.2,25.78,31.2
2022-05-06,32.23,35.34,29.83,30.19
2022-05-09,31.9,35.48,31.9,34.75
2022-05-10,33.66,34.84,32.24,32.99
2022-05-11,32.87,34.39,30.69,32.56
2022-05-12,33.74,34.76,31.7,31.77
2022-05-13,31.09,31.2,28.78,28.87
2022-05-16,30.01,30.23,27.36,27.47
2022-05-17,27.07,27.17,25.51,26.1
2022-05-18,26.74,31.49,26.21,30.96
2022-05-19,31.24,33.11,29.06,29.35
2022-05-20,28.78,32.91,28.06,29.43
2022-05-23,28.98,30.39,28.29,28.48
2022-05-24,29.43,31.07,29.04,29.45
2022-05-25,29.33,30.23,28.16,28.37
2022-05-26,28.42,28.46,27.11,27.5
2022-05-27,27.5,27.54,25.57,25.72
2022-05-30,26.16,26.81,26.08,26.54
2022-05-31,27.47,28.35,25.94,26.19
2022-06-01,26.05,27.73,25.38,25.69
2022-06-02,25.73,26.5,24.33,24.72
2022-06-03,24.91,25.96,24.76,24.79
2022-06-06,25.37,25.81,24.82,25.07
2022-06-07,25.54,26.24,23.88,24.02
2022-06-08,24.37,24.78,23.74,23.96
2022-06-09,24.29,26.24,23.82,26.09
2022-06-10,26.26,29.63,26.05,27.75
2022-06-13,31.37,35.05,31.29,34.02
2022-06-14,33.01,34.0,32.06,32.69
2022-06-15,32.39,32.77,27.76,29.62
2022-06-16,30.35,34.82,30.35,32.95
2022-06-17,32.84,33.31,30.47,31.13
2022-06-20,32.06,32.16,30.98,31.03
2022-06-21,30.63,30.65,29.33,30.19
2022-06-22,31.45,31.57,28.78,28.95
2022-06-23,29.29,29.77,28.74,29.05
2022-06-24,29.07,29.72,26.83,27.23
2022-06-27,28.3,28.66,26.93,26.95
2022-06-28,26.9,28.68,26.47,28.36
2022-06-29,28.8,29.36,27.85,28.16
2022-06-30,29.42,30.22,28.28,28.71
2022-07-01,29.53,29.59,26.69,26.7
2022-07-04,27.96,28.1,27.46,27.53
2022-07-05,27.37,29.82,27.3,27.54
2022-07-06,27.84,28.07,26.43,26.73
2022-07-07,26.73,26.79,25.66,26.08
2022-07-08,26.41,26.61,24.43,24.64
2022-07-11,26.42,26.74,25.79,26.17
2022-07-12,27.14,27.75,25.82,27.29
2022-07-13,27.35,29.06,26.23,26.82
2022-07-14,27.47,28.45,26.2,26.4
2022-07-15,26.72,26.72,24.13,24.23
2022-07-18,24.83,25.91,24.38,25.3
2022-07-19,25.12,25.41,24.23,24.5
2022-07-20,24.23,24.73,23.4,23.88
2022-07-21,24.07,24.67,22.92,23.11
2022-07-22,23.3,23.81,22.41,23.03
2022-07-25,24.33,24.57,23.19,23.36
2022-07-26,23.95,25.31,23.82,24.69
2022-07-27,24.27,24.41,23.02,23.24
2022-07-28,23.33,23.54,22.22,22.33
2022-07-29,22.13,22.16,21.21,21.33
2022-08-01,22.41,23.27,22.26,22.84
2022-08-02,24.08,24.68,22.67,23.93
2022-08-03,23.86,23.92,21.68,21.95
2022-08-04,22.06,22.66,21.44,21.44
2022-08-05,21.5,22.58,20.76,21.15
2022-08-08,21.74,22.01,20.83,21.29
2022-08-09,21.41,22.23,21.41,21.77
2022-08-10,22.28,22.34,19.54,19.74
2022-08-11,19.84,20.85,19.71,20.2
2022-08-12,20.34,20.35,19.12,19.53
2022-08-15,20.74,21.16,19.81,19.95
2022-08-16,20.23,20.39,19.5,19.69
2022-08-17,19.74,20.63,19.41,19.9
2022-08-18,20.51,20.61,19.43,19.56
2022-08-19,20.16,21.27,20.08,20.6
2022-08-22,22.41,24.62,22.39,23.8
2022-08-23,24.13,24.21,23.07,24.11
2022-08-24,24.37,24.86,22.73,22.82
2022-08-25,22.41,23.13,21.77,21.78
2022-08-26,22.07,25.9,21.67,25.56
2022-08-29,26.86,27.67,25.47,26.21
2022-08-30,25.75,27.69,25.13,26.21
2022-08-31,25.86,26.62,25.31,25.87
2022-09-01,26.88,27.45,25.25,25.56
2022-09-02,25.51,26.28,23.19,25.47
2022-09-05,26.51,26.85,25.84,25.99
2022-09-06,25.46,27.8,25.33,26.91
2022-09-07,26.93,27.15,24.54,24.64
2022-09-08,24.7,25.9,23.56,23.61
2022-09-09,23.49,23.57,22.64,22.79
2022-09-12,23.58,24.23,23.16,23.87
2022-09-13,23.67,28.15,23.53,27.27
2022-09-14,26.73,27.56,26.16,26.16
2022-09-15,26.1,26.93,25.42,26.27
2022-09-16,27.47,28.45,26.14,26.3
2022-09-19,27.69,27.95,25.56,25.76
2022-09-20,25.65,27.81,25.61,27.16
2022-09-21,28.03,30.18,25.55,27.99
2022-09-22,28.16,28.38,26.71,27.35
2022-09-23,27.68,32.31,27.58,29.92
2022-09-26,31.74,32.88,29.83,32.26
2022-09-27,31.2,34.14,30.3,32.6
2022-09-28,34.5,34.88,30.03,30.18
2022-09-29,31.67,33.46,31.16,31.84
2022-09-30,31.61,33.25,29.39,31.62
2022-10-03,33.0,33.06,29.63,30.1
2022-10-04,29.52,29.62,28.56,29.07
2022-10-05,29.36,30.11,28.5,28.55
2022-10-06,28.6,30.74,28.56,30.52
2022-10-07,30.37,32.02,29.88,31.36
2022-10-10,32.93,33.99,32.05,32.45
2022-10-11,33.56,34.43,32.45,33.63
2022-10-12,33.54,34.53,33.11,33.57
2022-10-13,33.6,33.87,31.63,31.94
2022-10-14,31.89,32.98,31.14,32.02
2022-10-17,32.27,32.59,30.7,31.37
2022-10-18,31.1,31.93,30.42,30.5
2022-10-19,30.94,31.9,30.76,30.76
2022-10-20,31.3,31.32,29.76,29.98
2022-10-21,30.21,30.44,29.24,29.69
2022-10-24,30.65,30.95,29.78,29.85
2022-10-25,29.8,30.0,28.22,28.46
2022-10-26,28.44,28.52,27.27,27.28
2022-10-27,27.51,27.67,26.94,27.39
2022-10-28,27.43,27.59,25.75,25.75
2022-10-31,26.91,27.07,25.84,25.88
2022-11-01,25.96,26.35,25.66,25.81
2022-11-02,26.04,26.62,25.39,25.86
2022-11-03,25.98,26.87,25.1,25.3
2022-11-04,25.63,25.71,24.0,24.55
2022-11-07,25.67,25.67,24.34,24.35
2022-11-08,24.71,26.16,24.24,25.54
2022-11-09,25.34,26.35,25.02,26.09
2022-11-10,26.51,26.59,22.84,23.53
2022-11-11,23.89,23.91,22.37,22.52
2022-11-14,23.99,24.33,22.86,23.73
2022-11-15,23.77,26.22,23.18,24.54
2022-11-16,24.29,24.72,23.99,24.11
2022-11-17,24.05,25.18,23.81,23.93
2022-11-18,24.03,24.12,22.98,23.12
2022-11-21,24.05,24.12,22.3,22.36
2022-11-22,22.59,22.71,21.28,21.29
2022-11-23,21.49,21.78,20.32,20.35
2022-11-24,20.5,20.54,20.31,20.42
2022-11-25,20.61,21.11,20.46,20.5
2022-11-28,22.09,22.5,21.65,22.21
2022-11-29,22.09,22.57,21.83,21.89
2022-11-30,21.7,22.63,20.31,20.58
2022-12-01,20.83,21.06,19.8,19.84
2022-12-02,20.42,20.96,18.95,19.06
2022-12-05,20.3,21.29,19.78,20.75
2022-12-06,20.69,22.6,20.38,22.17
2022-12-07,22.32,23.01,22.18,22.68
2022-12-08,22.81,23.28,22.06,22.29
2022-12-09,22.55,23.21,22.18,22.83
2022-12-12,24.4,25.05,24.18,25.0
2022-12-13,25.24,25.84,21.46,22.55
2022-12-14,22.83,23.47,21.07,21.14
2022-12-15,21.52,23.67,21.25,22.83
2022-12-16,23.26,23.83,22.09,22.62
2022-12-19,22.63,22.86,21.61,22.42
2022-12-20,23.17,23.39,21.35,21.48
2022-12-21,21.25,21.29,19.94,20.07
2022-12-22,20.08,24.3,20.01,21.97
2022-12-23,22.17,22.64,20.78,20.87
2022-12-27,21.67,22.8,21.59,21.65
2022-12-28,21.47,22.26,20.96,22.14
2022-12-29,22.25,22.31,21.36,21.44
2022-12-30,21.83,22.4,21.59,21.67
2023-01-03,23.09,23.76,22.73,22.9
2023-01-04,22.93,23.27,21.94,22.01
2023-01-05,22.2,22.92,21.97,22.46
2023-01-06,22.69,22.9,21.0,21.13
2023-01-09,21.75,21.98,21.27,21.97
2023-01-10,22.22,22.46,20.58,20.58
2023-01-11,20.8,21.25,20.62,21.09
2023-01-12,21.56,21.8,18.83,18.83
2023-01-13,19.0,19.41,18.01,18.35
2023-01-16,19.44,19.63,19.41,19.49
2023-01-17,19.89,20.22,19.21,19.36
2023-01-18,19.28,20.58,18.71,20.34
2023-01-19,20.43,21.71,20.17,20.52
2023-01-20,20.28,20.7,19.41,19.85
2023-01-23,20.21,20.33,19.55,19.81
2023-01-24,19.89,20.47,18.91,19.2
2023-01-25,19.56,20.9,18.99,19.08
2023-01-26,19.05,19.48,18.67,18.73
2023-01-27,18.9,19.0,17.97,18.51
2023-01-30,19.76,20.25,19.54,19.94
2023-01-31,20.12,20.7,19.13,19.4
2023-02-01,19.62,20.04,17.7,17.87
2023-02-02,17.74,19.25,17.06,18.73
2023-02-03,18.57,19.3,17.93,18.33
2023-02-06,19.23,19.81,19.21,19.43
2023-02-07,19.54,19.99,18.43,18.66
2023-02-08,18.88,20.12,18.55,19.63
2023-02-09,19.24,21.08,19.02,20.71
2023-02-10,20.74,21.94,20.44,20.53
2023-02-13,21.66,21.69,20.33,20.34
2023-02-14,20.72,20.75,18.48,18.91
2023-02-15,19.37,19.41,18.11,18.23
2023-02-16,18.26,20.27,18.23,20.17
2023-02-17,20.94,21.3,19.82,20.02
2023-02-20,21.06,21.28,20.96,21.23
2023-02-21,21.8,23.34,21.8,22.87
2023-02-22,23.03,23.63,22.02,22.29
2023-02-23,21.96,22.43,20.89,21.14
2023-02-24,21.35,22.9,21.32,21.67
2023-02-27,21.99,22.02,20.68,20.95
2023-02-28,21.3,21.37,20.1,20.7
